L_S,vl1,vl2
360.0,0.0,0.0
0.514709,946.819,1026.47
1.02858,949.047,1030.32
1.54161,946.547,1035.15
2.05381,944.267,1036.0
2.56517,943.198,1035.78
3.07571,939.286,1023.1
3.58543,934.74,1013.58
4.09433,933.522,1033.6
4.60242,932.017,1058.45
5.1097,937.661,1043.46
5.61618,932.649,1055.23
6.12186,937.05,1052.42
6.62675,939.539,1050.7
7.13085,941.614,1052.5
7.63416,941.545,1061.27
8.1367,939.761,1060.53
8.63847,941.529,1042.71
9.13947,948.315,1051.23
9.63971,944.044,1038.0
10.1392,943.325,1050.09
10.6379,950.761,1072.2
11.1359,944.495,1059.91
11.6331,942.428,1049.9
12.1296,950.484,1062.45
12.6254,943.057,1051.42
13.1204,941.995,1033.09
13.6148,948.359,1057.76
14.1084,948.095,1064.21
14.6013,942.059,1060.37
15.0934,945.323,1061.57
15.5849,950.118,1071.25
16.0757,941.605,1051.52
16.5658,943.943,1043.77
17.0552,953.223,1060.94
17.544,945.781,1063.26
18.032,941.469,1047.98
18.5194,945.976,1051.97
19.0062,942.14,1069.4
19.4923,940.513,1056.53
19.9777,944.575,1045.52
20.4625,947.328,1047.06
20.9466,944.187,1050.44
21.4301,942.029,1048.75
21.913,944.146,1044.95
22.3952,942.767,1049.67
22.8769,941.736,1047.99
23.3579,943.152,1040.01
23.8383,943.558,1048.59
24.3181,941.176,1043.43
24.7973,940.92,1044.19
25.276,939.853,1041.38
25.754,939.507,1053.21
26.2315,938.878,1054.37
26.7083,939.031,1052.59
27.1847,939.138,1053.2
27.6604,939.075,1054.2
28.1356,936.638,1048.15
28.6103,933.651,1032.6
29.0843,933.388,1023.35
29.5579,931.124,1026.86
30.0309,930.319,1024.92
30.5034,930.618,1025.99
30.9754,928.122,1023.29
31.4468,928.176,1025.78
31.9178,928.801,1024.07
32.3882,928.701,1033.12
32.8582,927.68,1039.29
33.3276,927.529,1044.92
33.7965,927.934,1044.72
34.265,928.194,1046.3
34.733,928.773,1046.33
35.2005,927.152,1047.02
35.6676,924.775,1047.63
36.1341,925.106,1043.69
36.6003,924.435,1036.16
37.066,923.284,1028.98
37.5312,922.258,1024.16
37.996,923.3,1019.05
38.4604,921.648,1025.05
38.9243,920.546,1028.15
39.3878,918.473,1023.8
39.8509,917.795,1024.38
40.3136,918.953,1024.69
40.7759,917.899,1024.68
41.2378,916.366,1025.21
41.6993,915.518,1022.77
42.1604,914.053,1018.9
42.6211,912.314,1013.16
43.0815,913.237,1012.33
43.5415,912.901,1013.07
44.0011,912.232,1015.28
44.4604,910.467,1017.36
44.9193,908.554,1014.42
45.3778,908.9,1009.68
45.8361,905.822,1005.84
46.2939,905.859,1003.71
46.7515,904.604,1003.55
47.2087,903.196,1005.35
47.6656,901.83,1005.49
48.1222,900.094,1003.25
48.5785,900.512,998.572
49.0345,898.637,998.106
49.4902,897.313,996.644
49.9456,895.854,994.051
50.4007,895.347,993.718
50.8556,893.539,998.076
51.3102,892.939,999.424
51.7645,892.251,996.463
52.2185,890.742,992.562
52.6723,889.528,987.548
53.1258,887.663,989.201
53.5791,887.025,993.005
54.0322,885.042,992.117
54.485,884.516,986.801
54.9376,882.798,986.325
55.3899,881.402,989.955
55.8421,879.734,988.48
56.294,879.223,983.213
56.7458,876.542,978.807
57.1973,875.704,976.005
57.6486,874.909,978.009
58.0998,874.324,980.118
58.5508,874.73,979.736
59.0016,875.175,979.387
59.4522,874.304,979.207
59.9026,870.873,981.767
60.3529,869.505,981.05
60.8031,867.672,982.225
61.2531,867.781,980.306
61.7029,867.717,975.766
62.1527,867.002,968.75
62.6023,864.5,965.318
63.0517,864.507,963.649
63.5011,863.476,957.052
63.9503,861.478,954.144
64.3994,861.002,957.24
64.8484,861.357,957.583
65.2973,859.686,955.91
65.7462,858.053,961.063
66.1949,856.533,962.904
66.6436,854.851,962.659
67.0922,852.651,960.423
67.5407,851.496,954.453
67.9891,852.153,948.71
68.4375,851.399,948.353
68.8859,850.549,950.159
69.3342,849.145,948.505
69.7824,848.191,948.446
70.2307,847.437,945.761
70.6789,847.009,941.986
71.127,844.574,938.297
71.5752,843.724,934.744
72.0233,841.584,934.025
72.4715,841.678,934.015
72.9196,839.876,932.055
73.3677,839.4,930.48
73.8159,838.01,928.836
74.264,836.798,928.32
74.7122,834.732,926.672
75.1604,833.348,925.286
75.6087,831.439,925.556
76.0569,830.325,924.759
76.5053,829.386,921.682
76.9537,827.735,916.955
77.4021,827.172,916.497
77.8506,825.949,915.427
78.2991,826.188,912.549
78.7478,824.395,910.674
79.1965,822.597,909.999
79.6453,820.714,909.312
80.0941,819.598,907.937
80.5431,818.066,907.031
80.9922,817.356,905.909
81.4414,815.19,904.514
81.8907,813.895,901.861
82.3401,812.287,901.311
82.7896,810.862,899.332
83.2393,809.916,896.507
83.6891,809.07,896.265
84.139,808.008,894.023
84.5891,807.192,891.501
85.0394,804.872,887.87
85.4898,803.785,888.198
85.9403,802.813,887.353
86.391,801.749,888.927
86.8419,800.652,889.239
87.293,798.789,888.148
87.7443,797.977,885.862
88.1957,796.123,882.722
88.6474,795.121,879.499
89.0992,793.371,877.516
89.5513,792.3,879.769
90.0036,790.556,878.951
90.4561,789.414,877.221
90.9088,787.423,877.464
91.3618,786.247,874.124
91.8149,784.937,872.504
92.2684,783.793,871.844
92.7221,782.716,869.64
93.176,781.484,868.255
93.6302,780.435,866.931
94.0846,778.628,866.031
94.5394,777.6,863.976
94.9944,776.093,862.701
95.4497,775.198,860.349
95.9053,773.237,858.329
96.3611,771.677,858.505
96.8173,770.087,856.089
97.2738,769.611,852.334
97.7305,768.224,849.883
98.1876,766.509,850.482
98.6451,765.097,849.372
99.1028,763.88,847.424
99.5609,762.485,846.341
100.019,761.544,846.352
100.478,759.917,845.316
100.937,758.285,844.994
101.397,756.81,844.421
101.857,755.34,841.406
102.317,754.603,840.662
102.777,752.638,838.177
103.238,751.72,836.145
103.7,750.503,832.598
104.161,749.394,834.044
104.623,747.777,835.161
105.086,746.944,832.989
105.549,745.843,829.48
106.012,744.431,827.541
106.476,742.998,826.778
106.94,741.548,826.487
107.405,739.754,825.631
107.87,738.676,823.632
108.335,737.364,822.301
108.801,735.581,821.402
109.268,734.689,818.562
109.735,733.386,815.643
110.202,732.053,816.749
110.67,731.08,816.485
111.138,729.992,815.797
111.607,728.857,814.171
112.076,727.295,812.936
112.546,726.418,808.642
113.016,725.265,804.282
113.487,724.141,805.4
113.958,723.137,805.997
114.43,721.658,805.897
114.902,719.874,804.486
115.375,718.298,802.066
115.848,717.434,799.715
116.322,716.8,796.918
116.796,716.205,796.234
117.271,715.01,797.959
117.747,714.153,796.067
118.223,712.583,797.439
118.7,711.103,798.62
119.177,710.156,799.866
119.655,708.435,801.054
120.133,707.657,800.522
120.612,706.524,798.198
121.092,705.053,796.617
121.572,704.662,792.25
122.053,704.291,789.668
122.534,702.906,786.994
123.016,701.677,784.606
123.499,700.878,783.617
123.982,700.842,782.113
124.466,700.577,783.598
124.95,699.452,785.142
125.435,698.858,784.605
125.921,696.583,782.219
126.408,695.598,780.382
126.895,693.86,779.039
127.383,692.476,777.437
127.871,691.854,776.408
128.36,691.571,779.707
128.85,692.796,777.6
129.34,691.289,776.115
129.832,690.047,775.215
130.324,689.659,774.937
130.816,689.064,775.169
131.309,688.911,774.163
131.803,689.321,772.138
132.298,688.13,770.812
132.794,686.597,766.197
133.29,684.303,767.01
133.787,682.588,768.658
134.285,682.328,766.512
134.783,681.952,766.54
135.282,681.175,765.795
135.782,681.173,767.641
136.283,680.656,766.896
136.784,678.883,761.859
137.286,676.088,760.093
137.789,677.071,762.141
138.293,678.566,764.931
138.798,678.825,765.866
139.303,678.542,767.13
139.809,677.028,765.033
140.316,675.181,760.64
140.824,673.724,758.27
141.333,671.706,757.277
141.842,669.857,755.294
142.352,668.264,755.012
142.863,666.818,766.985
143.375,667.105,766.881
143.888,673.256,750.785
144.401,674.983,754.362
144.916,671.961,757.123
145.431,669.699,757.215
145.947,669.058,758.695
146.464,670.119,760.922
146.982,668.087,758.209
147.5,664.561,751.597
148.02,662.844,746.62
148.54,668.977,748.185
149.061,667.849,750.16
149.584,669.801,741.89
150.107,669.859,728.486
150.631,668.096,736.087
151.155,667.55,732.26
151.681,667.677,737.251
152.208,668.2,755.361
152.735,666.482,752.431
153.264,665.655,744.028
153.793,667.632,750.076
154.323,667.14,753.497
154.855,667.357,754.566
155.387,667.819,750.545
155.92,667.454,743.708
156.454,668.703,738.909
156.989,668.26,737.441
157.524,667.959,735.125
158.061,668.29,734.217
158.599,667.76,733.321
159.138,667.504,729.474
159.677,667.981,728.558
160.218,668.656,724.889
160.76,670.337,729.134
161.302,671.443,736.711
161.846,671.115,746.487
162.39,669.95,753.542
162.935,671.255,752.096
163.482,673.214,753.677
164.029,674.073,745.777
164.577,674.831,746.333
165.127,674.243,751.831
165.677,674.087,752.024
166.228,674.495,752.597
166.781,675.602,757.811
167.334,675.372,758.217
167.888,674.973,753.671
168.443,679.038,752.85
169.0,678.223,758.358
169.557,679.322,756.95
170.115,680.357,752.324
170.674,679.69,755.754
171.234,680.494,759.99
171.796,682.144,765.18
172.358,681.543,768.946
172.921,682.784,767.934
173.485,685.138,760.193
174.05,686.804,761.653
174.617,689.456,776.873
175.184,688.473,769.867
175.752,689.112,761.622
176.321,690.64,781.805
176.892,691.737,777.967
177.463,691.845,767.818
178.035,694.01,780.885
178.608,696.056,776.006
179.183,695.594,789.002
179.758,697.946,787.134
180.334,698.122,783.651
180.911,697.921,784.578
181.49,700.805,788.1
182.069,700.336,791.563
182.649,700.876,799.55
183.23,702.185,798.459
183.813,702.328,795.436
184.396,704.411,800.013
184.98,703.857,790.413
185.566,709.746,802.992
186.152,709.324,801.796
186.739,709.254,796.976
187.327,714.695,800.431
187.917,712.476,811.233
188.507,714.592,813.425
189.098,716.934,794.258
189.69,720.922,806.53
190.283,724.929,799.404
190.877,719.978,823.354
191.473,724.206,814.578
192.069,729.37,809.124
192.666,726.595,804.673
193.264,731.198,795.399
193.863,728.765,813.742
194.463,728.612,816.789
195.063,737.449,812.696
195.665,736.089,814.412
196.268,741.405,794.905
196.872,737.484,808.005
197.476,754.214,811.281
198.082,745.673,824.458
198.688,754.411,816.742
199.296,751.44,827.007
199.904,749.763,798.44
200.513,757.689,801.529
201.123,755.509,830.484
201.735,759.783,826.143
202.346,758.802,832.872
202.959,763.703,812.947
203.573,774.05,840.574
204.187,772.047,840.457
204.803,772.304,796.578
205.419,777.301,863.305
206.036,785.002,859.001
206.654,776.97,837.911
207.273,775.044,844.572
207.893,785.718,851.194
208.513,786.432,848.197
209.135,788.407,873.415
209.757,801.031,864.345
210.38,788.05,868.916
211.003,794.915,870.715
211.628,796.021,876.576
212.253,800.147,889.616
212.879,800.008,888.451
213.506,806.948,878.066
214.134,800.635,892.055
214.762,817.799,882.666
215.391,810.706,872.739
216.021,813.359,905.386
216.651,813.031,874.53
217.283,813.419,870.208
217.915,820.337,923.198
218.547,827.707,866.051
219.18,828.454,926.152
219.814,830.0,887.819
220.449,820.739,909.487
221.084,830.822,888.785
221.72,831.984,942.271
222.357,848.7,945.484
222.994,839.308,922.685
223.632,845.167,923.816
224.27,846.886,914.896
224.909,847.366,915.556
225.548,846.313,939.257
226.188,849.426,946.831
226.829,845.173,937.864
227.47,860.469,924.281
228.112,862.657,970.124
228.754,867.483,925.774
229.396,857.045,925.708
230.04,880.833,938.933
230.683,873.32,955.122
231.327,857.818,968.651
231.972,872.562,942.537
232.617,876.228,977.583
233.262,873.895,952.056
233.908,872.852,961.055
234.554,879.827,955.399
235.201,877.956,961.52
235.848,884.91,990.37
236.495,888.843,930.646
237.143,882.535,958.831
237.791,892.935,963.917
238.439,896.904,997.564
239.088,894.491,970.71
239.737,896.977,986.489
240.386,912.645,964.961
241.036,908.29,996.384
241.685,887.302,975.969
242.335,892.906,1010.23
242.985,909.922,1034.02
243.636,906.4,1004.31
244.286,911.443,982.126
244.937,930.616,1000.04
245.588,913.53,974.644
246.239,895.162,997.357
246.891,912.451,1039.62
247.542,922.529,998.395
248.193,917.476,950.639
248.845,917.451,977.81
249.497,915.087,1022.63
250.148,922.242,982.071
250.8,916.431,1019.32
251.452,937.604,992.884
252.104,905.432,987.139
252.756,920.502,1003.67
253.408,926.23,1034.7
254.059,923.868,1031.63
254.711,931.912,991.334
255.363,927.386,981.886
256.015,901.526,1006.19
256.666,922.006,1008.88
257.318,925.958,1018.88
257.969,944.443,1012.25
258.621,912.747,979.83
259.272,908.796,1004.35
259.923,918.126,1039.92
260.574,913.663,1031.6
261.224,929.366,1005.66
261.875,931.757,947.91
262.525,932.352,955.421
263.175,919.104,1013.13
263.825,898.474,1024.55
264.475,900.871,1019.4
265.124,928.192,1023.92
265.773,926.921,977.226
266.422,928.004,934.592
267.07,921.106,970.012
267.718,904.388,1022.53
268.366,890.214,1030.13
269.014,913.591,1031.18
269.661,931.438,984.765
270.307,923.551,962.264
270.954,916.837,952.198
271.6,917.388,984.341
272.245,897.29,1005.57
272.891,888.628,1037.13
273.535,911.63,997.917
274.18,919.337,996.2
274.823,916.263,980.632
275.467,915.351,954.533
276.11,901.828,985.857
276.752,893.043,997.696
277.394,885.457,1018.97
278.035,912.879,1022.32
278.676,912.116,987.661
279.316,909.261,924.271
279.956,907.121,969.006
280.595,892.992,945.203
281.234,883.793,999.485
281.872,900.456,1017.64
282.509,905.834,952.201
283.146,898.417,965.477
283.782,890.542,1000.19
284.417,883.322,967.59
285.052,892.021,1000.71
285.687,906.737,967.245
286.32,891.679,943.137
286.953,883.917,971.279
287.585,883.926,999.04
288.217,881.61,963.967
288.847,901.195,977.156
289.478,899.999,913.458
290.107,867.074,946.165
290.736,871.427,997.078
291.363,881.809,938.81
291.991,885.892,990.33
292.617,883.194,942.785
293.243,873.157,945.781
293.867,872.061,981.421
294.491,881.075,965.201
295.115,875.264,989.771
295.737,887.622,934.009
296.359,857.715,916.475
296.98,865.135,964.751
297.6,884.466,940.966
298.219,866.673,987.476
298.837,874.433,921.179
299.455,869.04,953.56
300.071,866.085,965.029
300.687,865.942,965.881
301.302,870.546,937.632
301.916,875.701,963.092
302.529,865.167,945.102
303.142,846.647,966.894
303.753,864.807,919.179
304.363,868.731,976.822
304.973,871.032,903.493
305.582,854.215,957.067
306.189,860.035,962.096
306.796,847.606,970.091
307.402,853.729,939.146
308.007,867.197,973.153
308.611,857.896,922.607
309.215,848.545,909.011
309.817,867.25,947.542
310.418,846.195,966.759
311.018,834.534,943.808
311.618,863.341,951.814
312.216,856.931,940.53
312.813,839.854,905.526
313.41,849.76,929.68
314.005,860.391,944.648
314.6,829.685,927.224
315.194,839.538,925.775
315.786,850.181,981.101
316.378,840.765,925.193
316.968,835.392,927.451
317.558,856.294,966.032
318.147,832.14,949.706
318.734,826.607,922.537
319.321,847.05,924.608
319.907,851.221,929.575
320.491,832.007,887.08
321.075,832.467,938.745
321.658,849.46,925.628
322.239,834.014,930.469
322.82,826.839,928.769
323.4,838.288,926.803
323.978,827.77,945.048
324.556,834.575,915.581
325.133,823.423,915.864
325.709,846.169,928.114
326.283,835.05,928.695
326.857,823.674,898.955
327.43,823.132,927.906
328.001,837.034,884.308
328.572,836.154,905.258
329.141,824.247,894.18
329.71,822.82,911.47
330.278,829.516,932.024
330.844,827.651,912.341
331.41,814.253,931.611
331.975,823.405,895.294
332.538,818.369,897.926
333.101,831.181,901.672
333.662,823.775,863.791
334.223,824.217,902.609
334.783,832.094,935.363
335.341,819.773,930.521
335.899,819.06,926.652
336.456,819.827,915.187
337.011,818.84,878.818
337.566,819.104,880.121
338.119,834.145,903.589
338.672,819.908,917.524
339.224,825.428,880.905
339.774,812.999,931.008
340.324,826.619,862.296
340.873,812.312,883.593
341.421,827.536,901.073
341.967,821.827,876.955
342.513,821.088,907.649
343.058,829.595,871.95
343.602,820.286,896.909
344.145,816.549,921.959
344.687,813.668,896.421
345.228,816.909,923.752
345.768,825.357,880.624
346.307,816.646,898.481
346.845,822.708,880.762
347.382,818.224,911.345
347.919,822.882,880.932
348.454,813.813,919.055
348.988,824.691,891.82
349.522,811.843,925.265
350.054,818.729,911.852
350.586,812.9,918.61
351.116,816.962,910.911
351.646,810.271,895.642
352.175,814.737,897.293
352.703,816.177,917.524
353.23,820.081,893.669
353.756,810.04,928.38
354.281,819.929,908.137
354.805,808.592,928.262
355.329,815.706,919.159
355.851,808.642,932.525
356.373,813.012,906.68
356.894,806.44,926.496
357.414,816.595,895.224
357.933,811.675,914.593
358.451,820.742,911.664
358.968,813.228,934.567
359.484,813.823,931.274
360.0,807.857,915.587
0.514709,806.696,903.093
1.02858,816.053,915.727
1.54161,815.924,904.043
2.05381,811.663,928.075
2.56517,814.128,925.78
3.07571,815.737,941.113
3.58543,805.499,949.405
4.09433,808.258,933.33
4.60242,809.888,937.797
5.1097,819.045,908.935
5.61618,809.275,933.571
6.12186,822.601,920.121
6.62675,817.238,936.671
7.13085,820.257,923.092
7.63416,818.302,922.873
8.1367,819.877,946.116
8.63847,820.627,945.856
9.13947,817.124,918.471
9.63971,825.139,908.951
10.1392,822.735,946.904
10.6379,823.678,948.402
11.1359,820.273,934.446
11.6331,821.887,931.762
12.1296,822.384,942.27
12.6254,823.931,924.204
13.1204,819.336,936.818
13.6148,822.573,912.032
14.1084,827.634,937.21
14.6013,821.254,933.096
15.0934,826.173,930.318
15.5849,819.39,945.153
16.0757,818.094,924.61
16.5658,822.121,912.775
17.0552,826.447,932.275
17.544,829.865,935.353
18.032,823.623,918.677
18.5194,824.485,923.845
19.0062,828.56,917.623
19.4923,826.856,943.884
19.9777,822.178,931.498
20.4625,825.911,914.692
20.9466,829.106,940.479
21.4301,826.446,915.876
21.913,833.025,921.37
22.3952,827.574,951.477
22.8769,825.516,944.474
23.3579,826.286,921.432
23.8383,833.947,942.238
24.3181,831.608,946.249
24.7973,828.466,923.556
25.276,832.011,919.589
25.754,832.45,937.859
26.2315,830.373,937.271
26.7083,826.503,926.501
27.1847,833.078,929.869
27.6604,838.36,947.287
28.1356,828.121,929.761
28.6103,829.336,930.341
29.0843,831.387,933.92
29.5579,831.176,933.293
30.0309,828.248,918.575
30.5034,832.404,922.202
30.9754,832.093,933.628
31.4468,826.451,932.909
31.9178,829.12,925.981
32.3882,832.668,952.038
32.8582,829.309,945.128
33.3276,826.908,922.691
33.7965,831.026,930.284
34.265,836.471,942.805
34.733,827.989,929.042
35.2005,825.85,920.596
35.6676,832.264,930.693
36.1341,832.611,936.589
36.6003,826.616,927.265
37.066,829.673,927.034
37.5312,833.713,948.279
37.996,828.076,925.461
38.4604,826.866,916.63
38.9243,832.297,932.814
39.3878,832.207,948.486
39.8509,827.232,921.552
40.3136,826.566,926.224
40.7759,833.121,940.567
41.2378,832.059,940.573
41.6993,826.101,912.007
42.1604,828.118,915.738
42.6211,834.49,945.333
43.0815,826.143,933.975
43.5415,822.74,922.433
44.0011,834.209,941.344
44.4604,829.963,931.318
44.9193,822.33,923.517
45.3778,830.852,927.744
45.8361,834.13,941.305
46.2939,829.105,922.103
46.7515,827.435,918.253
47.2087,829.499,927.781
47.6656,831.139,944.31
48.1222,826.12,922.508
48.5785,825.801,925.355
49.0345,833.444,936.894
49.4902,834.54,938.338
49.9456,828.399,925.809
50.4007,823.77,928.522
50.8556,830.72,928.533
51.3102,828.832,929.998
51.7645,826.175,927.098
52.2185,825.32,924.011
52.6723,830.105,926.49
53.1258,827.152,928.336
53.5791,825.423,929.984
54.0322,824.903,923.336
54.485,826.117,930.119
54.9376,826.068,927.722
55.3899,825.527,922.196
55.8421,830.143,917.993
56.294,824.868,923.441
56.7458,822.921,926.755
57.1973,823.62,923.69
57.6486,823.919,930.842
58.0998,823.093,928.33
58.5508,818.479,919.667
59.0016,819.579,912.598
59.4522,822.583,920.85
59.9026,825.492,929.822
60.3529,821.423,928.364
60.8031,821.415,922.363
61.2531,823.554,925.533
61.7029,820.987,927.517
62.1527,817.215,921.336
62.6023,820.731,919.972
63.0517,818.088,924.393
63.5011,817.621,923.302
63.9503,817.62,923.201
64.3994,815.216,921.495
64.8484,816.899,923.024
65.2973,817.937,928.375
65.7462,813.964,921.259
66.1949,814.484,917.547
66.6436,818.314,924.881
67.0922,815.266,928.975
67.5407,812.571,917.444
67.9891,814.028,910.198
68.4375,817.631,908.866
68.8859,815.76,918.751
69.3342,813.598,921.13
69.7824,813.447,918.08
70.2307,814.287,918.034
70.6789,814.362,924.295
71.127,811.769,917.423
71.5752,811.245,915.994
72.0233,811.423,917.977
72.4715,811.28,913.395
72.9196,809.599,913.595
73.3677,809.027,914.222
73.8159,808.841,913.577
74.264,810.994,912.715
74.7122,812.175,917.938
75.1604,809.452,914.299
75.6087,807.492,913.248
76.0569,806.436,911.424
76.5053,808.444,904.817
76.9537,808.092,904.285
77.4021,806.538,909.107
77.8506,805.188,908.728
78.2991,803.742,905.686
78.7478,804.335,902.406
79.1965,805.747,904.751
79.6453,804.124,905.031
80.0941,801.972,903.459
80.5431,801.486,900.387
80.9922,800.478,899.739
81.4414,800.529,900.818
81.8907,800.637,897.537
82.3401,799.215,896.036
82.7896,796.922,896.747
83.2393,796.578,897.591
83.6891,797.598,894.859
84.139,795.58,891.492
84.5891,795.165,890.011
85.0394,793.481,891.788
85.4898,793.118,891.039
85.9403,793.597,889.539
86.391,793.533,889.615
86.8419,792.52,889.558
87.293,790.918,887.01
87.7443,789.453,886.926
88.1957,787.815,887.862
88.6474,787.618,887.032
89.0992,787.817,884.592
89.5513,787.331,880.81
90.0036,786.303,881.25
90.4561,785.789,881.696
90.9088,784.471,881.522
91.3618,783.674,879.55
91.8149,783.01,876.477
92.2684,781.888,876.087
92.7221,781.046,875.246
93.176,780.266,875.506
93.6302,779.012,873.853
94.0846,777.692,870.487
94.5394,776.566,870.162
94.9944,775.833,870.567
95.4497,775.032,869.177
95.9053,774.218,864.457
96.3611,773.022,862.414
96.8173,770.984,861.709
97.2738,769.761,860.862
97.7305,768.741,859.998
98.1876,767.966,860.368
98.6451,766.979,856.975
99.1028,766.825,854.65
99.5609,766.444,853.998
100.019,764.474,855.79
100.478,763.532,854.486
100.937,764.389,848.659
101.397,763.208,844.737
101.857,761.099,843.606
102.317,759.721,841.912
102.777,758.552,841.619
103.238,757.278,843.192
103.7,755.394,842.91
104.161,753.955,841.898
104.623,753.49,840.551
105.086,752.536,839.271
105.549,751.188,836.947
106.012,750.298,835.929
106.476,748.91,835.501
106.94,748.229,837.357
107.405,746.646,837.872
107.87,744.626,833.23
108.335,743.158,826.822
108.801,742.143,823.051
109.268,742.296,824.874
109.735,740.714,824.623
110.202,739.068,824.793
110.67,737.958,823.228
111.138,737.386,822.046
111.607,736.007,819.292
112.076,734.982,817.216
112.546,733.27,817.535
113.016,731.92,814.185
113.487,731.96,812.688
113.958,730.097,813.574
114.43,728.517,812.842
114.902,727.019,812.595
115.375,726.843,811.364
115.848,725.541,811.387
116.322,723.959,810.979
116.796,722.975,808.86
117.271,722.021,806.735
117.747,720.664,803.219
118.223,719.632,805.305
118.7,718.742,807.76
119.177,717.489,807.486
119.655,716.103,804.07
120.133,715.283,801.725
120.612,714.198,800.304
121.092,713.377,801.525
121.572,712.795,800.968
122.053,711.245,801.941
122.534,710.912,802.032
123.016,710.002,803.723
123.499,708.165,802.095
123.982,708.191,796.737
124.466,707.232,791.592
124.95,706.648,787.11
125.435,705.568,788.362
125.921,705.149,791.846
126.408,705.428,790.34
126.895,703.278,787.197
127.383,702.28,786.395
127.871,701.061,788.079
128.36,700.6,787.843
128.85,700.719,785.678
129.34,698.826,784.425
129.832,698.106,784.681
130.324,696.894,784.938
130.816,695.647,783.659
131.309,696.176,779.893
131.803,696.064,779.619
132.298,695.392,778.627
132.794,693.777,774.921
133.29,690.881,773.271
133.787,688.804,776.754
134.285,689.39,780.482
134.783,689.454,778.495
135.282,688.387,776.583
135.782,688.191,772.947
136.283,688.747,766.001
136.784,689.082,768.928
137.286,688.207,773.283
137.789,687.97,776.857
138.293,687.948,772.132
138.798,687.173,771.355
139.303,684.184,771.118
139.809,681.329,769.786
140.316,681.127,768.488
140.824,680.009,766.313
141.333,679.632,766.08
141.842,678.741,766.548
142.352,675.314,762.798
142.863,679.296,762.772
143.375,681.651,765.055
143.888,682.074,769.535
144.401,680.403,768.162
144.916,679.064,766.754
145.431,675.614,767.185
145.947,672.657,762.693
146.464,672.074,758.348
146.982,669.636,763.279
147.5,672.98,772.249
148.02,675.291,779.601
148.54,673.742,775.257
149.061,673.555,746.955
149.584,673.855,760.711
150.107,674.193,751.303
150.631,673.748,747.774
151.155,672.26,750.554
151.681,674.994,751.904
152.208,674.324,748.718
152.735,672.134,748.136
153.264,671.436,755.248
153.793,672.865,759.358
154.323,674.734,758.99
154.855,674.383,755.456
155.387,674.527,751.266
155.92,674.747,740.495
156.454,675.322,738.997
156.989,676.455,733.995
157.524,675.185,737.132
158.061,674.466,741.527
158.599,674.988,741.506
159.138,676.243,738.452
159.677,677.889,738.173
160.218,677.102,749.25
160.76,677.124,754.021
161.302,676.828,754.767
161.846,677.852,758.039
162.39,678.104,754.209
162.935,680.047,745.448
163.482,679.593,749.424
164.029,678.9,751.847
164.577,679.527,756.715
165.127,679.821,764.479
165.677,679.765,765.058
166.228,680.343,763.548
166.781,682.417,759.964
167.334,683.326,759.16
167.888,684.22,757.377
168.443,685.543,761.052
169.0,686.007,771.503
169.557,686.7,767.024
170.115,688.793,768.429
170.674,687.402,768.459
171.234,688.256,770.511
171.796,692.019,771.668
172.358,690.652,770.065
172.921,692.669,771.728
173.485,694.753,773.882
174.05,693.777,782.754
174.617,695.739,783.412
175.184,695.298,775.542
175.752,695.606,773.883
176.321,698.246,774.801
176.892,699.924,784.354
177.463,700.443,790.658
178.035,701.789,788.547
178.608,700.959,793.941
179.183,702.979,785.75
179.758,704.359,791.487
180.334,704.711,798.824
180.911,704.69,794.056
181.49,705.745,787.788
182.069,705.346,806.555
182.649,708.114,798.843
183.23,707.777,802.263
183.813,711.644,810.396
184.396,713.213,803.545
184.98,711.375,806.015
185.566,715.078,795.129
186.152,716.635,815.097
186.739,715.651,825.679
187.327,716.654,818.884
187.917,722.552,796.985
188.507,720.616,808.737
189.098,725.857,799.481
189.69,725.715,809.599
190.283,725.138,815.328
190.877,728.275,811.153
191.473,728.801,816.728
192.069,732.315,796.835
192.666,734.178,816.581
193.264,737.23,805.415
193.863,735.202,810.86
194.463,744.695,823.802
195.063,747.532,821.323
195.665,746.074,811.188
196.268,747.051,808.934
196.872,748.721,814.406
197.476,756.48,831.889
198.082,748.385,839.138
198.688,755.77,836.523
199.296,757.558,832.863
199.904,752.591,847.18
200.513,765.279,826.931
201.123,761.059,844.644
201.735,766.586,822.426
202.346,764.105,846.778
202.959,776.21,838.376
203.573,766.826,835.23
204.187,775.84,836.371
204.803,782.44,850.354
205.419,776.677,873.812
206.036,789.123,857.003
206.654,779.371,845.759
207.273,787.193,882.178
207.893,784.547,841.248
208.513,789.639,876.674
209.135,800.287,871.131
209.757,792.253,872.93
210.38,797.226,838.782
211.003,792.104,895.347
211.628,808.483,865.317
212.253,802.896,891.017
212.879,806.13,906.858
213.506,809.655,879.431
214.134,815.518,879.049
214.762,808.916,904.205
215.391,815.717,863.516
216.021,812.717,922.379
216.651,828.012,905.23
217.283,825.254,875.073
217.915,824.71,897.003
218.547,829.47,906.921
219.18,821.221,899.908
219.814,838.41,928.852
220.449,827.863,916.121
221.084,829.343,905.175
221.72,837.414,941.935
222.357,850.553,929.139
222.994,840.301,925.938
223.632,849.364,906.911
224.27,856.098,907.31
224.909,858.351,939.021
225.548,849.094,915.842
226.188,852.545,943.396
226.829,860.49,974.959
227.47,847.164,945.637
228.112,857.786,946.222
228.754,875.687,961.005
229.396,867.146,904.304
230.04,861.786,941.264
230.683,889.375,953.648
231.327,869.332,959.931
231.972,866.157,964.317
232.617,878.761,978.324
233.262,883.394,973.237
233.908,876.639,934.303
234.554,885.695,979.47
235.201,898.222,968.459
235.848,880.188,969.961
236.495,889.266,958.666
237.143,885.804,1017.57
237.791,888.642,968.658
238.439,902.617,989.528
239.088,911.465,954.779
239.737,893.448,972.876
240.386,907.411,996.053
241.036,890.376,1016.26
241.685,892.804,992.714
242.335,912.903,1019.35
242.985,925.622,968.046
243.636,905.349,954.045
244.286,911.991,990.269
244.937,912.396,982.847
245.588,890.535,1030.76
246.239,918.372,992.84
246.891,922.263,1030.38
247.542,926.684,968.896
248.193,902.849,987.381
248.845,922.429,990.067
249.497,909.694,1036.38
250.148,912.196,1021.51
250.8,928.739,1005.6
251.452,928.754,1008.37
252.104,917.303,1004.61
252.756,901.903,1000.72
253.408,923.953,1005.39
254.059,932.248,1036.03
254.711,927.496,974.441
255.363,925.25,1001.67
256.015,908.939,1005.63
256.666,911.042,1007.71
257.318,922.395,1029.6
257.969,933.506,1019.79
258.621,928.949,933.374
259.272,922.95,977.325
259.923,924.814,1003.03
260.574,900.036,1035.21
261.224,911.605,1026.28
261.875,927.145,979.85
262.525,934.561,987.28
263.175,919.864,979.116
263.825,920.51,987.155
264.475,917.758,1004.19
265.124,889.076,1036.65
265.773,916.342,1024.77
266.422,928.377,1001.69
267.07,929.712,943.268
267.718,912.78,966.766
268.366,908.379,1002.9
269.014,895.19,1013.33
269.661,900.552,1029.73
270.307,922.937,1021.88
270.954,924.109,925.384
271.6,905.491,959.049
272.245,903.93,994.499
272.891,898.649,1007.92
273.535,903.541,1015.0
274.18,912.084,973.261
274.823,920.509,976.517
275.467,894.779,984.409
276.11,903.863,991.488
276.752,900.733,990.317
277.394,905.846,1014.24
278.035,913.901,953.171
278.676,896.844,942.801
279.316,891.435,1010.92
279.956,896.805,957.254
280.595,894.944,1013.31
281.234,916.808,972.612
281.872,895.907,955.205
282.509,889.794,967.683
283.146,881.351,994.989
283.782,884.49,1003.57
284.417,905.659,980.052
285.052,890.788,935.46
285.687,876.351,962.426
286.32,889.879,969.084
286.953,878.651,991.179
287.585,889.693,980.102
288.217,882.629,928.086
288.847,888.979,942.531
289.478,876.518,984.332
290.107,884.704,967.211
290.736,886.804,963.069
291.363,890.736,969.393
291.991,861.764,945.734
292.617,875.045,954.992
293.243,880.019,1001.48
293.867,874.12,940.47
294.491,880.438,931.537
295.115,876.624,948.765
295.737,852.362,952.657
296.359,869.424,962.16
296.98,877.371,965.169
297.6,873.816,973.08
298.219,856.699,924.745
298.837,854.542,953.545
299.455,870.713,953.482
300.071,872.37,963.767
300.687,862.357,944.67
301.302,871.968,930.574
301.916,863.084,963.403
302.529,853.958,967.211
303.142,856.957,934.334
303.753,870.269,945.418
304.363,866.065,946.27
304.973,835.934,935.203
305.582,859.627,916.635
306.189,869.527,981.476
306.796,860.669,891.575
307.402,837.036,928.91
308.007,859.481,930.398
308.611,844.623,971.201
309.215,849.42,917.081
309.817,853.01,950.511
310.418,864.031,956.465
311.018,836.532,919.436
311.618,847.969,933.269
312.216,860.017,964.718
312.813,838.741,908.574
313.41,841.332,929.9
314.005,857.786,961.57
314.6,835.58,949.548
315.194,833.847,931.201
315.786,852.312,953.637
316.378,848.81,937.273
316.968,828.795,920.379
317.558,842.856,907.884
318.147,852.389,934.377
318.734,823.432,897.716
319.321,828.395,905.232
319.907,847.072,889.124
320.491,837.46,946.655
321.075,825.675,916.075
321.658,830.693,924.435
322.239,842.578,913.364
322.82,826.272,927.723
323.4,821.891,907.588
323.978,834.44,866.066
324.556,832.137,921.31
325.133,828.254,908.967
325.709,826.381,921.355
326.283,834.787,941.285
326.857,819.024,907.062
327.43,823.562,868.639
328.001,837.707,861.187
328.572,831.315,911.949
329.141,824.106,886.212
329.71,822.231,930.725
330.278,829.294,904.858
330.844,808.398,943.927
331.41,815.062,916.94
331.975,816.445,872.489
332.538,830.726,885.582
333.101,835.525,885.489
333.662,823.958,890.522
334.223,822.504,918.678
334.783,816.619,910.388
335.341,813.796,926.59
335.899,812.239,919.992
336.456,815.722,911.956
337.011,819.906,897.308
337.566,818.658,892.968
338.119,820.115,907.094
338.672,820.525,864.656
339.224,821.221,901.085
339.774,825.531,904.497
340.324,818.396,898.648
340.873,808.268,920.771
341.421,828.833,866.291
341.967,811.536,893.095
342.513,818.422,873.115
343.058,813.475,866.499
343.602,820.425,908.897
344.145,815.75,904.224
344.687,816.621,917.958
345.228,810.274,925.251
345.768,810.368,886.827
346.307,815.998,922.128
346.845,815.77,893.022
347.382,809.23,919.827
347.919,820.689,896.636
348.454,815.801,903.391
348.988,819.885,885.847
349.522,810.133,914.393
350.054,817.584,906.042
350.586,815.01,904.385
351.116,807.257,902.819
351.646,810.411,901.126
352.175,811.837,906.613
352.703,808.107,900.778
353.23,820.665,889.962
353.756,812.846,887.984
354.281,820.126,894.665
354.805,818.218,911.871
355.329,811.038,893.366
355.851,820.134,911.688
356.373,808.656,888.965
356.894,804.566,904.722
357.414,815.108,926.963
357.933,806.743,899.818
358.451,807.717,918.692
358.968,819.706,901.421
359.484,803.685,918.902
360.0,805.704,913.342
0.514709,815.262,926.152
1.02858,806.111,923.95
