L_S,vl1,vl2
360.0,0.0,0.0
0.514709,898.881,975.213
1.02858,901.077,979.453
1.54161,898.548,984.167
2.05381,896.173,984.986
2.56517,895.041,984.495
3.07571,891.458,971.286
3.58543,887.709,964.912
4.09433,886.451,985.503
4.60242,885.183,1004.99
5.1097,889.615,988.79
5.61618,885.706,1002.67
6.12186,890.205,996.928
6.62675,892.147,1000.12
7.13085,895.485,996.86
7.63416,893.311,1002.14
8.1367,891.015,1003.56
8.63847,897.555,1002.57
9.13947,898.26,1003.09
9.63971,898.648,998.785
10.1392,901.126,995.706
10.6379,899.802,1004.5
11.1359,894.56,1012.26
11.6331,897.34,1020.12
12.1296,895.94,1003.91
12.6254,898.371,994.967
13.1204,899.838,1005.93
13.6148,898.594,1010.07
14.1084,898.562,1004.71
14.6013,898.475,1005.77
15.0934,896.02,1012.21
15.5849,895.817,999.489
16.0757,898.458,1005.62
16.5658,899.08,994.303
17.0552,898.655,990.679
17.544,900.273,996.537
18.032,894.031,999.969
18.5194,894.983,1000.21
19.0062,898.299,997.15
19.4923,896.012,1001.41
19.9777,895.244,985.895
20.4625,898.724,992.8
20.9466,893.543,993.735
21.4301,895.17,983.63
21.913,895.287,1004.43
22.3952,892.683,1009.92
22.8769,893.855,1001.54
23.3579,896.404,1001.3
23.8383,894.621,990.48
24.3181,893.222,978.091
24.7973,891.816,981.789
25.276,890.441,991.263
25.754,891.599,980.805
26.2315,890.558,975.541
26.7083,889.347,992.549
27.1847,890.577,990.205
27.6604,888.388,988.807
28.1356,886.176,975.909
28.6103,886.77,978.078
29.0843,885.258,976.696
29.5579,886.437,982.614
30.0309,885.299,992.143
30.5034,882.627,990.629
30.9754,882.818,979.387
31.4468,881.975,976.734
31.9178,881.886,983.293
32.3882,881.839,983.152
32.8582,880.035,987.588
33.3276,879.152,993.068
33.7965,878.761,993.067
34.265,879.12,988.526
34.733,879.93,985.945
35.2005,878.699,981.26
35.6676,877.68,978.882
36.1341,877.229,981.392
36.6003,876.385,981.819
37.066,874.212,981.565
37.5312,873.691,979.543
37.996,874.417,979.466
38.4604,873.491,977.571
38.9243,871.553,975.874
39.3878,870.78,975.537
39.8509,871.334,975.103
40.3136,870.563,974.663
40.7759,868.878,975.357
41.2378,868.378,975.336
41.6993,867.521,976.057
42.1604,865.837,976.983
42.6211,866.239,974.421
43.0815,864.046,973.325
43.5415,863.6,971.51
44.0011,862.674,968.891
44.4604,861.165,965.302
44.9193,860.831,960.485
45.3778,858.783,956.63
45.8361,858.657,955.062
46.2939,857.858,953.486
46.7515,856.814,955.731
47.2087,855.769,956.219
47.6656,853.566,953.254
48.1222,854.081,945.499
48.5785,853.324,939.982
49.0345,850.238,946.157
49.4902,848.572,952.291
49.9456,848.208,949.233
50.4007,848.682,945.238
50.8556,846.652,940.083
51.3102,844.351,938.78
51.7645,841.305,943.613
52.2185,841.119,948.073
52.6723,842.437,941.24
53.1258,842.431,936.107
53.5791,840.845,927.516
54.0322,838.123,935.288
54.485,836.95,942.37
54.9376,834.735,942.244
55.3899,833.405,937.756
55.8421,832.044,935.979
56.294,831.473,938.079
56.7458,830.374,935.679
57.1973,830.121,931.018
57.6486,830.354,924.656
58.0998,829.582,929.588
58.5508,828.804,934.75
59.0016,828.064,932.632
59.4522,827.328,927.942
59.9026,825.055,924.894
60.3529,822.89,925.141
60.8031,822.018,927.379
61.2531,821.395,925.924
61.7029,820.655,921.597
62.1527,819.548,918.339
62.6023,818.204,917.363
63.0517,816.631,915.663
63.5011,815.801,914.716
63.9503,815.176,914.531
64.3994,814.88,913.042
64.8484,814.611,908.772
65.2973,813.601,907.014
65.7462,810.974,908.938
66.1949,810.21,910.496
66.6436,808.09,909.515
67.0922,806.724,907.384
67.5407,805.137,904.031
67.9891,804.904,898.164
68.4375,803.775,891.814
68.8859,802.852,890.743
69.3342,801.674,892.768
69.7824,801.133,892.1
70.2307,799.672,893.737
70.6789,798.665,892.813
71.127,798.388,888.226
71.5752,797.632,884.057
72.0233,796.275,880.778
72.4715,794.403,881.568
72.9196,794.102,880.624
73.3677,791.632,878.049
73.8159,791.82,876.197
74.264,790.046,877.349
74.7122,789.314,879.728
75.1604,787.082,876.566
75.6087,786.459,874.93
76.0569,784.231,875.226
76.5053,783.026,873.093
76.9537,781.558,868.785
77.4021,780.958,865.201
77.8506,779.776,865.551
78.2991,778.41,864.833
78.7478,777.905,866.269
79.1965,776.347,866.72
79.6453,775.227,864.18
80.0941,773.3,861.74
80.5431,772.658,859.617
80.9922,770.607,856.472
81.4414,770.206,854.427
81.8907,767.81,853.196
82.3401,766.567,853.096
82.7896,764.679,848.192
83.2393,764.063,846.446
83.6891,762.198,846.05
84.139,761.362,848.978
84.5891,760.191,849.363
85.0394,758.974,846.949
85.4898,757.776,842.394
85.9403,756.063,839.987
86.391,754.815,839.336
86.8419,753.394,838.904
87.293,752.895,836.954
87.7443,751.254,834.131
88.1957,750.583,831.921
88.6474,748.116,832.723
89.0992,747.227,831.143
89.5513,745.684,826.996
90.0036,744.221,823.348
90.4561,742.796,822.816
90.9088,742.146,823.794
91.3618,740.907,823.519
91.8149,739.471,822.663
92.2684,738.533,824.03
92.7221,736.864,821.157
93.176,735.26,816.956
93.6302,733.658,813.144
94.0846,733.123,808.935
94.5394,731.816,808.728
94.9944,729.924,814.541
95.4497,728.281,814.136
95.9053,727.412,811.381
96.3611,725.677,805.63
96.8173,725.266,803.632
97.2738,723.875,801.57
97.7305,722.29,800.1
98.1876,720.915,800.682
98.6451,719.168,799.246
99.1028,718.02,796.401
99.5609,717.247,793.973
100.019,715.913,793.234
100.478,713.69,793.563
100.937,712.52,795.941
101.397,711.432,794.593
101.857,710.689,791.963
102.317,709.718,789.855
102.777,708.455,790.42
103.238,706.879,789.402
103.7,705.614,790.8
104.161,704.001,789.886
104.623,702.897,784.385
105.086,701.738,781.048
105.549,701.077,779.933
106.012,699.938,778.982
106.476,697.773,778.382
106.94,696.339,776.397
107.405,695.09,775.076
107.87,694.216,774.058
108.335,692.545,771.742
108.801,691.699,771.089
109.268,690.243,770.989
109.735,688.62,769.819
110.202,687.524,767.349
110.67,686.701,767.051
111.138,685.63,768.381
111.607,684.504,767.292
112.076,683.82,763.581
112.546,682.921,760.847
113.016,681.199,760.794
113.487,679.836,763.085
113.958,678.708,762.55
114.43,677.73,760.832
114.902,676.32,757.576
115.375,675.0,755.441
115.848,673.863,755.269
116.322,672.626,755.401
116.796,671.49,756.741
117.271,669.87,757.159
117.747,668.582,755.69
118.223,668.445,752.481
118.7,667.133,751.311
119.177,665.976,750.233
119.655,665.072,748.91
120.133,663.512,746.351
120.612,662.849,745.551
121.092,661.924,746.246
121.572,660.99,744.831
122.053,660.015,742.91
122.534,659.928,738.691
123.016,659.288,735.61
123.499,657.642,738.367
123.982,656.943,740.8
124.466,655.447,742.298
124.95,655.132,742.885
125.435,654.405,742.783
125.921,652.0,736.803
126.408,651.96,729.58
126.895,650.806,730.002
127.383,650.394,735.206
127.871,649.593,734.241
128.36,649.145,733.237
128.85,649.017,731.095
129.34,647.013,733.37
129.832,646.648,733.076
130.324,646.135,734.158
130.816,645.611,733.443
131.309,645.868,731.734
131.803,644.499,733.971
132.298,643.567,733.703
132.794,642.734,730.255
133.29,641.326,720.891
133.787,640.411,713.518
134.285,639.18,716.482
134.783,637.854,715.452
135.282,635.02,716.865
135.782,634.847,718.293
136.283,638.309,719.965
136.784,636.549,721.307
137.286,634.774,716.6
137.789,634.634,712.988
138.293,633.976,717.613
138.798,633.393,717.365
139.303,634.442,715.289
139.809,634.885,713.301
140.316,633.536,715.84
140.824,631.509,717.112
141.333,630.281,714.472
141.842,630.458,708.136
142.352,631.806,705.254
142.863,632.088,709.473
143.375,631.625,710.64
143.888,630.804,708.916
144.401,629.62,707.794
144.916,628.295,709.582
145.431,626.269,709.675
145.947,625.265,708.364
146.464,622.386,705.33
146.982,623.383,701.92
147.5,625.407,697.807
148.02,622.511,698.555
148.54,618.566,699.474
149.061,621.32,703.209
149.584,623.408,704.646
150.107,623.883,701.959
150.631,624.001,698.099
151.155,626.016,701.165
151.681,624.548,704.301
152.208,622.575,707.532
152.735,620.477,701.987
153.264,622.321,693.742
153.793,622.843,688.616
154.323,622.907,686.873
154.855,623.884,691.814
155.387,624.498,696.846
155.92,623.52,691.887
156.454,624.642,685.773
156.989,624.744,683.301
157.524,625.558,687.867
158.061,625.154,696.357
158.599,624.616,700.127
159.138,624.833,700.325
159.677,626.082,703.317
160.218,625.635,700.814
160.76,625.536,695.931
161.302,626.622,691.27
161.846,627.294,685.688
162.39,627.934,681.638
162.935,628.894,684.032
163.482,629.766,694.379
164.029,630.275,701.977
164.577,630.058,706.777
165.127,629.955,706.991
165.677,631.883,703.994
166.228,633.663,698.223
166.781,633.133,704.342
167.334,634.691,706.221
167.888,634.663,711.501
168.443,634.544,711.279
169.0,634.059,711.648
169.557,636.06,710.98
170.115,635.898,709.475
170.674,637.528,704.959
171.234,639.805,712.02
171.796,639.744,710.598
172.358,641.037,715.052
172.921,642.067,715.41
173.485,642.231,720.746
174.05,644.294,721.418
174.617,644.786,717.862
175.184,646.313,719.761
175.752,648.036,725.285
176.321,648.128,718.481
176.892,649.882,725.64
177.463,652.029,729.482
178.035,652.038,728.015
178.608,653.736,726.404
179.183,655.068,742.656
179.758,656.291,731.48
180.334,657.656,741.958
180.911,657.414,737.357
181.49,658.51,743.178
182.069,657.746,735.123
182.649,659.259,750.814
183.23,659.127,736.37
183.813,662.88,753.657
184.396,663.9,748.374
184.98,664.75,759.527
185.566,663.29,756.278
186.152,663.192,757.528
186.739,667.566,756.731
187.327,668.236,760.304
187.917,673.154,756.849
188.507,672.465,754.02
189.098,672.017,766.962
189.69,673.387,753.439
190.283,675.56,734.887
190.877,682.37,754.916
191.473,685.901,765.695
192.069,680.794,761.751
192.666,687.743,743.038
193.264,692.532,775.794
193.863,689.178,769.135
194.463,687.686,766.1
195.063,692.645,758.47
195.665,703.865,781.231
196.268,695.455,771.764
196.872,695.596,776.545
197.476,704.138,761.994
198.082,702.646,777.703
198.688,707.318,787.046
199.296,706.841,767.2
199.904,716.899,798.768
200.513,711.171,768.046
201.123,713.967,771.738
201.735,719.732,759.921
202.346,718.999,776.691
202.959,727.374,810.298
203.573,721.88,793.175
204.187,727.231,811.15
204.803,725.815,791.378
205.419,734.47,809.485
206.036,733.06,785.559
206.654,731.349,813.455
207.273,742.693,826.969
207.893,740.452,809.714
208.513,742.072,833.256
209.135,745.85,798.035
209.757,750.651,835.214
210.38,747.993,822.783
211.003,751.632,808.248
211.628,745.815,829.316
212.253,764.649,816.287
212.879,758.587,819.768
213.506,756.107,856.378
214.134,761.497,813.978
214.762,767.303,851.582
215.391,767.567,818.711
216.021,769.658,831.478
216.651,772.772,864.718
217.283,770.304,850.022
217.915,772.765,865.913
218.547,778.509,866.77
219.18,783.577,851.458
219.814,778.942,863.52
220.449,791.348,856.493
221.084,789.826,851.299
221.72,788.535,868.649
222.357,799.275,867.214
222.994,791.513,861.913
223.632,801.465,897.19
224.27,805.811,882.721
224.909,806.092,903.201
225.548,801.277,862.514
226.188,804.513,879.064
226.829,815.964,883.358
227.47,806.045,879.477
228.112,807.209,867.785
228.754,820.729,916.323
229.396,827.241,910.14
230.04,812.585,902.832
230.683,822.723,894.884
231.327,827.472,901.2
231.972,817.25,890.292
232.617,827.185,920.82
233.262,839.525,923.77
233.908,828.883,883.697
234.554,836.514,904.556
235.201,849.687,955.391
235.848,831.632,929.049
236.495,835.246,930.039
237.143,850.122,937.286
237.791,853.831,917.193
238.439,844.103,927.335
239.088,852.546,946.361
239.737,842.336,927.198
240.386,847.775,940.739
241.036,862.39,961.504
241.685,860.263,922.136
242.335,845.561,935.57
242.985,858.97,909.531
243.636,863.313,955.883
244.286,858.565,956.114
244.937,866.416,915.451
245.588,867.949,955.595
246.239,867.32,937.742
246.891,851.871,930.759
247.542,870.325,959.309
248.193,878.991,976.671
248.845,864.791,932.144
249.497,870.373,950.628
250.148,867.986,937.79
250.8,862.474,961.894
251.452,880.052,955.241
252.104,879.848,949.866
252.756,875.834,948.379
253.408,860.455,962.284
254.059,858.137,940.313
254.711,876.313,985.403
255.363,887.212,962.93
256.015,873.462,872.494
256.666,877.062,941.907
257.318,866.711,973.552
257.969,859.659,950.492
258.621,879.054,973.305
259.272,885.202,913.523
259.923,873.087,933.105
260.574,864.462,936.797
261.224,861.122,949.987
261.875,866.496,1002.69
262.525,867.182,977.579
263.175,878.089,926.733
263.825,881.19,907.681
264.475,866.386,927.766
265.124,852.574,960.366
265.773,857.938,982.076
266.422,874.889,947.987
267.07,874.822,908.87
267.718,867.476,917.059
268.366,855.99,954.77
269.014,858.901,952.881
269.661,867.642,950.211
270.307,872.494,920.05
270.954,862.574,938.825
271.6,848.002,937.159
272.245,856.506,952.477
272.891,874.454,957.231
273.535,860.635,902.688
274.18,867.48,911.022
274.823,843.52,971.159
275.467,846.927,953.927
276.11,861.879,927.082
276.752,860.222,944.45
277.394,863.873,909.638
278.035,836.449,923.21
278.676,849.126,946.109
279.316,852.796,965.955
279.956,846.863,925.51
280.595,853.345,920.196
281.234,849.385,919.392
281.872,838.584,945.699
282.509,846.455,914.746
283.146,852.64,932.761
283.782,858.432,906.223
284.417,840.937,890.959
285.052,825.539,922.884
285.687,840.135,932.345
286.32,840.943,915.402
286.953,844.778,910.807
287.585,848.145,903.379
288.217,836.429,901.558
288.847,823.232,910.786
289.478,828.344,941.407
290.107,836.874,945.472
290.736,831.711,870.608
291.363,822.407,881.484
291.991,828.349,931.448
292.617,836.773,879.037
293.243,825.143,922.259
293.867,840.005,879.616
294.491,818.596,900.297
295.115,811.613,917.411
295.737,826.415,912.252
296.359,827.966,893.159
296.98,835.447,880.016
297.6,815.057,881.523
298.219,814.577,906.595
298.837,813.641,919.045
299.455,812.818,916.258
300.071,833.109,897.526
300.687,813.962,867.752
301.302,805.542,897.465
301.916,808.067,910.026
302.529,816.054,896.637
303.142,815.013,902.478
303.753,819.135,859.572
304.363,811.606,859.409
304.973,799.985,889.042
305.582,804.849,886.118
306.189,807.642,889.04
306.796,816.82,897.475
307.402,790.443,851.124
308.007,799.493,865.057
308.611,817.058,888.664
309.215,795.028,902.012
309.817,793.877,873.713
310.418,809.039,885.206
311.018,798.963,904.648
311.618,787.121,874.253
312.216,803.142,881.163
312.813,811.845,928.56
313.41,790.701,868.269
314.005,790.373,883.96
314.6,815.232,883.45
315.194,787.798,876.98
315.786,783.911,884.337
316.378,798.894,877.858
316.968,794.132,907.514
317.558,788.956,864.826
318.147,787.146,871.644
318.734,806.156,825.646
319.321,793.875,879.783
319.907,792.081,860.568
320.491,787.639,897.751
321.075,782.715,890.681
321.658,776.591,878.225
322.239,789.891,870.2
322.82,789.513,875.183
323.4,791.399,875.899
323.978,781.82,837.289
324.556,786.36,855.891
325.133,786.751,871.73
325.709,779.894,872.739
326.283,784.462,867.97
326.857,773.131,870.256
327.43,773.183,855.719
328.001,782.708,850.305
328.572,788.538,880.912
329.141,776.856,842.577
329.71,770.267,868.018
330.278,791.132,804.786
330.844,782.037,839.642
331.41,774.245,872.564
331.975,772.012,833.682
332.538,764.95,857.65
333.101,777.867,870.174
333.662,773.141,840.383
334.223,781.128,872.913
334.783,774.929,856.656
335.341,769.151,851.986
335.899,778.676,866.529
336.456,769.028,850.166
337.011,769.238,862.72
337.566,771.697,870.173
338.119,773.985,852.049
338.672,768.818,863.12
339.224,774.802,819.309
339.774,763.321,834.779
340.324,782.672,854.107
340.873,772.463,812.614
341.421,770.573,878.243
341.967,773.641,825.901
342.513,762.92,840.835
343.058,772.372,864.168
343.602,770.271,819.053
344.145,768.279,862.323
344.687,778.784,820.398
345.228,768.922,838.333
345.768,769.712,869.608
346.307,771.941,824.661
346.845,766.951,868.507
347.382,776.815,840.89
347.919,764.77,835.442
348.454,772.822,859.9
348.988,772.697,854.129
349.522,764.201,875.269
350.054,768.817,856.141
350.586,766.427,861.576
351.116,761.813,839.106
351.646,763.205,865.774
352.175,769.587,812.471
352.703,770.163,841.559
353.23,772.339,829.456
353.756,760.918,846.09
354.281,770.273,873.252
354.805,763.77,863.57
355.329,768.027,874.33
355.851,762.91,850.558
356.373,763.799,863.905
356.894,768.44,863.492
357.414,766.626,858.422
357.933,768.518,871.543
358.451,765.288,865.68
358.968,759.95,877.677
359.484,764.729,851.194
360.0,762.354,870.567
0.514709,774.342,841.49
1.02858,761.817,865.627
1.54161,776.942,858.277
2.05381,763.12,886.344
2.56517,760.469,878.181
3.07571,767.293,877.213
3.58543,760.271,880.288
4.09433,761.911,885.528
4.60242,762.011,866.914
5.1097,771.92,864.485
5.61618,767.489,886.643
6.12186,769.799,878.14
6.62675,767.64,877.143
7.13085,775.787,855.0
7.63416,767.637,888.173
8.1367,768.384,894.9
8.63847,768.794,867.19
9.13947,770.982,865.824
9.63971,775.668,893.025
10.1392,769.809,899.354
10.6379,768.598,879.192
11.1359,772.104,856.827
11.6331,776.522,872.239
12.1296,775.075,875.73
12.6254,771.244,879.428
13.1204,770.205,889.595
13.6148,769.654,875.484
14.1084,773.413,877.597
14.6013,775.923,877.26
15.0934,775.414,881.782
15.5849,771.459,881.847
16.0757,780.968,877.94
16.5658,772.818,890.669
17.0552,778.544,870.756
17.544,772.597,882.082
18.032,777.342,865.885
18.5194,773.188,885.572
19.0062,778.021,863.773
19.4923,781.109,876.354
19.9777,777.808,875.172
20.4625,782.393,873.672
20.9466,776.526,888.094
21.4301,777.348,883.804
21.913,776.711,894.538
22.3952,776.493,882.232
22.8769,785.658,870.217
23.3579,779.8,880.826
23.8383,783.143,878.689
24.3181,782.069,901.015
24.7973,775.956,883.361
25.276,779.502,870.473
25.754,785.601,890.561
26.2315,783.798,895.728
26.7083,777.963,875.63
27.1847,778.965,875.221
27.6604,785.873,891.719
28.1356,780.98,898.66
28.6103,777.653,874.207
29.0843,782.181,872.458
29.5579,788.638,886.485
30.0309,780.456,889.725
30.5034,777.127,876.992
30.9754,784.506,881.324
31.4468,782.622,903.099
31.9178,779.887,878.834
32.3882,780.324,869.95
32.8582,784.246,884.888
33.3276,783.347,876.679
33.7965,782.061,878.872
34.265,781.63,874.249
34.733,781.243,870.624
35.2005,787.262,880.836
35.6676,781.698,885.283
36.1341,778.446,875.333
36.6003,783.077,875.134
37.066,783.299,882.846
37.5312,780.622,874.039
37.996,781.351,867.18
38.4604,786.079,885.994
38.9243,782.559,874.983
39.3878,780.795,871.623
39.8509,784.635,883.947
40.3136,781.48,873.39
40.7759,782.638,867.415
41.2378,785.593,894.919
41.6993,783.082,866.555
42.1604,779.607,868.089
42.6211,785.791,883.872
43.0815,782.517,882.06
43.5415,779.704,866.963
44.0011,783.242,876.01
44.4604,785.803,896.046
44.9193,781.499,876.993
45.3778,779.92,862.099
45.8361,781.47,873.847
46.2939,785.549,884.871
46.7515,780.705,869.788
47.2087,776.673,875.22
47.6656,783.228,880.047
48.1222,786.517,897.196
48.5785,780.397,872.584
49.0345,776.838,865.171
49.4902,777.95,868.992
49.9456,784.621,882.775
50.4007,780.753,879.057
50.8556,777.135,873.173
51.3102,780.634,875.359
51.7645,785.903,884.186
52.2185,780.565,875.309
52.6723,775.778,865.854
53.1258,780.159,871.497
53.5791,784.231,879.278
54.0322,781.523,877.512
54.485,778.747,871.567
54.9376,779.285,873.324
55.3899,781.275,873.855
55.8421,776.439,874.171
56.294,778.122,871.36
56.7458,781.139,873.224
57.1973,776.148,877.171
57.6486,772.958,872.731
58.0998,775.865,872.445
58.5508,777.203,876.795
59.0016,774.434,882.088
59.4522,772.635,878.617
59.9026,775.006,879.85
60.3529,773.867,881.467
60.8031,771.097,871.76
61.2531,769.8,865.332
61.7029,771.121,866.151
62.1527,774.036,869.802
62.6023,774.946,882.679
63.0517,770.367,880.161
63.5011,768.659,872.499
63.9503,769.954,865.328
64.3994,772.999,862.356
64.8484,771.826,866.73
65.2973,771.865,873.3
65.7462,769.342,877.451
66.1949,768.173,873.173
66.6436,767.979,874.342
67.0922,769.62,872.234
67.5407,768.18,867.614
67.9891,766.051,860.812
68.4375,767.473,860.005
68.8859,769.161,864.831
69.3342,766.152,869.352
69.7824,765.229,867.599
70.2307,767.633,865.476
70.6789,769.261,869.506
71.127,765.836,870.867
71.5752,762.937,866.654
72.0233,765.665,864.467
72.4715,767.674,862.117
72.9196,766.368,866.209
73.3677,765.327,858.891
73.8159,763.252,861.967
74.264,763.439,862.864
74.7122,763.523,858.071
75.1604,762.726,857.408
75.6087,762.362,860.443
76.0569,762.422,859.374
76.5053,761.768,857.946
76.9537,761.199,856.732
77.4021,761.13,859.345
77.8506,758.669,857.824
78.2991,757.535,856.288
78.7478,757.477,853.513
79.1965,757.948,853.144
79.6453,757.67,853.254
80.0941,756.003,853.329
80.5431,754.372,853.646
80.9922,753.924,851.018
81.4414,753.054,849.979
81.8907,754.706,849.987
82.3401,754.341,848.357
82.7896,752.204,846.59
83.2393,751.633,846.281
83.6891,749.562,845.373
84.139,749.173,848.922
84.5891,749.933,844.348
85.0394,749.186,841.798
85.4898,748.71,842.441
85.9403,747.815,842.276
86.391,745.867,839.648
86.8419,745.76,839.651
87.293,745.565,840.611
87.7443,744.34,838.936
88.1957,743.823,835.737
88.6474,742.791,834.929
89.0992,742.043,833.59
89.5513,741.737,833.001
90.0036,741.711,831.595
90.4561,739.921,830.536
90.9088,739.092,829.06
91.3618,738.257,823.733
91.8149,736.885,819.354
92.2684,736.008,820.102
92.7221,735.371,818.809
93.176,735.04,818.492
93.6302,733.37,818.808
94.0846,732.89,816.278
94.5394,732.261,814.233
94.9944,731.743,811.065
95.4497,730.543,810.177
95.9053,729.939,813.695
96.3611,728.218,810.083
96.8173,726.692,809.684
97.2738,725.644,807.481
97.7305,725.56,803.593
98.1876,725.532,801.115
98.6451,723.632,803.851
99.1028,722.504,805.367
99.5609,720.533,807.602
100.019,719.929,808.332
100.478,719.407,805.208
100.937,718.759,804.487
101.397,717.032,804.55
101.857,715.739,800.992
102.317,714.25,798.559
102.777,712.405,797.613
103.238,711.413,795.578
103.7,710.778,793.002
104.161,710.184,791.721
104.623,708.606,791.306
105.086,707.284,790.955
105.549,705.83,790.998
106.012,705.039,791.114
106.476,703.659,791.651
106.94,702.526,791.226
107.405,701.8,787.744
107.87,700.953,783.605
108.335,699.784,782.213
108.801,698.512,782.32
109.268,697.546,784.012
109.735,696.545,784.171
110.202,695.842,782.86
110.67,693.9,779.673
111.138,692.44,774.956
111.607,690.761,773.486
112.076,689.536,772.107
112.546,688.551,770.175
113.016,687.589,770.828
113.487,687.132,771.321
113.958,685.696,771.02
114.43,684.512,770.801
114.902,683.705,769.317
115.375,682.652,767.002
115.848,681.458,767.414
116.322,679.777,766.735
116.796,679.182,765.542
117.271,678.516,763.621
117.747,676.313,760.863
118.223,675.289,756.578
118.7,674.838,752.003
119.177,674.54,752.121
119.655,672.847,751.379
120.133,671.102,748.523
120.612,669.651,749.461
121.092,668.371,753.281
121.572,667.879,755.006
122.053,666.696,753.781
122.534,665.741,754.277
123.016,665.959,754.15
123.499,665.052,750.661
123.982,664.745,746.935
124.466,663.406,746.976
124.95,663.008,748.896
125.435,662.281,749.904
125.921,660.19,749.799
126.408,660.228,745.15
126.895,658.694,737.753
127.383,658.243,737.168
127.871,657.671,739.56
128.36,655.992,740.865
128.85,655.498,736.996
129.34,655.159,737.318
129.832,655.519,739.08
130.324,653.872,737.937
130.816,651.843,739.219
131.309,651.989,739.282
131.803,652.963,740.732
132.298,651.724,741.425
132.794,648.894,742.041
133.29,646.317,742.394
133.787,649.171,738.204
134.285,648.922,727.725
134.783,647.602,722.406
135.282,645.419,730.313
135.782,644.61,733.827
136.283,645.24,727.802
136.784,643.869,725.394
137.286,640.942,724.538
137.789,637.37,726.712
138.293,638.236,728.418
138.798,639.714,724.546
139.303,640.711,717.011
139.809,640.886,717.554
140.316,640.865,722.933
140.824,638.203,724.333
141.333,635.885,725.353
141.842,636.242,725.447
142.352,635.035,721.919
142.863,632.971,720.427
143.375,630.8,718.552
143.888,635.526,721.313
144.401,635.821,714.987
144.916,637.025,716.88
145.431,637.467,722.195
145.947,638.492,717.879
146.464,636.123,710.95
146.982,635.028,707.261
147.5,634.638,708.606
148.02,634.732,713.124
148.54,633.329,715.588
149.061,632.515,713.707
149.584,631.844,710.182
150.107,630.739,706.062
150.631,628.282,699.931
151.155,628.941,696.574
151.681,629.1,694.624
152.208,630.3,700.166
152.735,630.273,708.583
153.264,628.972,711.586
153.793,629.248,707.617
154.323,629.499,703.973
154.855,628.88,699.137
155.387,629.112,698.049
155.92,629.98,692.626
156.454,632.198,692.537
156.989,632.497,701.253
157.524,633.242,706.112
158.061,631.742,708.116
158.599,632.244,706.95
159.138,633.659,705.581
159.677,634.194,701.765
160.218,634.654,692.799
160.76,635.627,687.662
161.302,635.319,690.146
161.846,637.167,692.357
162.39,637.116,705.806
162.935,634.493,704.895
163.482,635.225,710.204
164.029,635.8,716.916
164.577,638.539,711.268
165.127,639.531,710.817
165.677,640.724,707.889
166.228,640.239,706.094
166.781,640.611,709.674
167.334,639.678,715.792
167.888,641.414,722.492
168.443,642.683,714.828
169.0,642.816,717.578
169.557,644.261,716.572
170.115,646.196,711.465
170.674,646.454,726.047
171.234,647.559,724.561
171.796,647.399,720.335
172.358,648.792,724.881
172.921,650.118,729.557
173.485,651.036,728.921
174.05,652.588,726.937
174.617,653.967,724.323
175.184,655.143,738.698
175.752,655.991,733.143
176.321,656.059,732.825
176.892,657.144,737.584
177.463,659.33,740.28
178.035,659.291,735.543
178.608,660.677,738.945
179.183,662.585,742.034
179.758,662.72,747.762
180.334,662.842,745.543
180.911,662.417,739.285
181.49,661.51,750.739
182.069,665.051,747.691
182.649,666.687,762.583
183.23,664.917,766.303
183.813,666.615,757.354
184.396,666.604,757.013
184.98,670.13,753.201
185.566,670.831,767.627
186.152,673.08,764.468
186.739,675.837,763.974
187.327,677.399,755.022
187.917,677.887,773.707
188.507,677.487,765.513
189.098,680.843,764.158
189.69,683.745,765.1
190.283,684.147,764.272
190.877,685.363,770.341
191.473,687.966,755.74
192.069,688.864,750.041
192.666,694.434,771.052
193.264,692.72,774.135
193.863,693.855,767.677
194.463,698.646,764.248
195.063,698.154,762.554
195.665,705.356,775.75
196.268,700.587,786.985
196.872,706.431,773.997
197.476,706.094,779.793
198.082,713.362,787.254
198.688,707.47,767.447
199.296,712.872,767.234
199.904,711.815,795.212
200.513,725.876,782.0
201.123,719.165,778.362
201.735,731.599,796.108
202.346,728.412,763.776
202.959,727.846,783.473
203.573,736.414,812.894
204.187,729.345,773.148
204.803,742.589,813.478
205.419,735.145,808.096
206.036,741.546,789.944
206.654,733.878,829.133
207.273,747.644,794.685
207.893,743.203,829.509
208.513,746.15,824.984
209.135,745.125,817.803
209.757,746.731,820.944
210.38,763.411,845.161
211.003,751.599,825.456
211.628,753.993,840.427
212.253,764.516,810.397
212.879,765.443,841.949
213.506,761.947,830.396
214.134,762.457,818.038
214.762,771.501,862.442
215.391,776.304,845.372
216.021,775.46,843.972
216.651,774.134,846.112
217.283,783.066,854.83
217.915,774.745,878.503
218.547,778.484,854.831
219.18,779.914,869.541
219.814,791.801,884.283
220.449,785.943,855.822
221.084,786.235,861.219
221.72,802.555,876.47
222.357,799.932,889.857
222.994,791.893,866.943
223.632,808.11,897.724
224.27,813.66,892.057
224.909,797.916,863.294
225.548,798.91,871.714
226.188,818.579,871.842
226.829,812.344,923.803
227.47,803.419,899.156
228.112,817.25,870.213
228.754,828.193,906.532
229.396,825.39,900.975
230.04,816.046,896.689
230.683,833.992,904.132
231.327,819.941,934.141
231.972,816.902,908.395
232.617,834.615,921.24
233.262,845.568,920.127
233.908,831.411,907.085
234.554,844.691,904.271
235.201,848.482,927.253
235.848,832.129,924.143
236.495,842.007,945.01
237.143,858.825,922.538
237.791,849.545,912.19
238.439,846.752,910.447
239.088,851.453,942.415
239.737,844.619,927.213
240.386,847.87,951.73
241.036,866.192,921.284
241.685,857.81,933.414
242.335,857.441,927.03
242.985,852.249,937.35
243.636,862.659,952.081
244.286,862.947,961.912
244.937,864.041,934.609
245.588,873.695,938.837
246.239,866.997,934.679
246.891,852.145,945.682
247.542,867.061,975.454
248.193,878.758,941.535
248.845,870.951,916.121
249.497,869.553,935.398
250.148,865.141,954.036
250.8,862.153,975.352
251.452,876.337,956.459
252.104,882.37,935.772
252.756,867.637,931.831
253.408,861.859,952.9
254.059,874.517,959.309
254.711,880.777,957.205
255.363,875.583,922.976
256.015,869.299,947.128
256.666,859.241,946.059
257.318,867.131,969.373
257.969,877.715,973.076
258.621,873.955,926.585
259.272,878.052,919.148
259.923,864.441,957.71
260.574,866.335,947.621
261.224,867.35,959.659
261.875,880.875,972.118
262.525,868.785,902.976
263.175,846.501,933.431
263.825,867.143,966.851
264.475,876.902,928.496
265.124,867.13,960.365
265.773,876.145,908.766
266.422,852.343,950.516
267.07,857.566,962.969
267.718,859.598,929.9
268.366,872.204,972.567
269.014,878.579,926.357
269.661,866.99,893.388
270.307,866.805,938.761
270.954,839.654,939.912
271.6,840.583,992.251
272.245,872.469,956.81
272.891,867.156,912.741
273.535,869.463,877.292
274.18,850.253,931.984
274.823,836.601,975.647
275.467,842.062,934.074
276.11,856.47,961.771
276.752,872.185,933.933
277.394,859.851,881.122
278.035,850.067,913.333
278.676,852.181,936.367
279.316,831.667,976.6
279.956,844.324,953.745
280.595,856.601,922.875
281.234,866.95,902.018
281.872,842.19,894.097
282.509,830.499,936.777
283.146,834.059,940.805
283.782,842.934,949.961
284.417,847.44,932.919
285.052,849.569,882.087
285.687,821.018,915.827
286.32,841.057,914.664
286.953,842.379,932.461
287.585,834.779,931.631
288.217,843.198,900.996
288.847,831.418,899.875
289.478,816.897,942.355
290.107,835.102,898.214
290.736,837.729,922.724
291.363,845.792,894.31
291.991,826.263,865.552
292.617,825.359,904.964
293.243,816.636,942.934
293.867,817.828,915.15
294.491,837.421,906.011
295.115,833.941,876.486
295.737,822.687,879.007
296.359,819.743,903.566
296.98,811.051,929.305
297.6,820.985,935.987
298.219,826.503,848.005
298.837,803.868,872.867
299.455,810.142,908.485
300.071,829.507,882.876
300.687,814.129,915.008
301.302,822.528,852.944
301.916,806.445,897.213
302.529,807.828,916.624
303.142,805.479,870.834
303.753,814.467,899.056
304.363,826.755,880.952
304.973,799.446,838.62
305.582,800.436,901.252
306.189,806.885,910.587
306.796,795.874,906.853
307.402,813.637,900.32
308.007,815.952,867.834
308.611,797.575,853.701
309.215,794.284,879.582
309.817,811.639,877.688
310.418,798.259,908.686
311.018,795.54,866.213
311.618,805.082,893.774
312.216,806.983,870.841
312.813,793.535,873.947
313.41,801.635,848.351
314.005,801.469,904.276
314.6,787.823,870.394
315.194,792.448,871.46
315.786,800.631,830.728
316.378,792.02,885.095
316.968,790.282,846.447
317.558,792.454,881.245
318.147,793.303,898.16
318.734,782.232,864.34
319.321,790.834,858.682
319.907,791.728,895.518
320.491,778.688,860.88
321.075,782.936,866.248
321.658,802.825,888.35
322.239,779.459,873.472
322.82,775.939,858.234
323.4,786.633,858.926
323.978,792.793,856.387
324.556,779.531,876.071
325.133,784.767,875.69
325.709,779.341,853.955
326.283,781.32,881.194
326.857,778.332,866.381
327.43,775.016,859.693
328.001,783.379,865.624
328.572,784.771,852.058
329.141,770.26,832.991
329.71,784.17,848.863
330.278,778.909,859.177
330.844,777.923,846.459
331.41,766.363,844.943
331.975,780.426,863.31
332.538,776.944,876.831
333.101,762.72,867.886
333.662,780.519,835.066
334.223,776.151,836.561
334.783,776.627,830.52
335.341,769.341,857.697
335.899,771.919,817.645
336.456,774.215,866.12
337.011,775.447,880.923
337.566,764.648,843.536
338.119,759.979,871.505
338.672,773.883,811.99
339.224,765.512,850.27
339.774,779.051,856.02
340.324,768.425,822.364
340.873,773.752,868.713
341.421,773.246,866.304
341.967,764.79,843.18
342.513,764.504,872.232
343.058,770.883,829.143
343.602,765.812,860.68
344.145,776.08,841.054
344.687,766.261,823.764
345.228,777.654,860.973
345.768,775.412,863.19
346.307,768.954,860.03
346.845,765.325,861.397
347.382,767.285,826.461
347.919,761.046,855.708
348.454,777.731,820.345
348.988,771.896,840.715
349.522,776.44,856.8
350.054,767.666,858.851
350.586,761.381,847.653
351.116,768.668,868.11
351.646,770.247,827.019
352.175,761.75,838.407
352.703,768.536,826.844
353.23,761.099,830.247
353.756,765.441,872.03
354.281,766.54,833.791
354.805,761.222,868.87
355.329,771.406,848.192
355.851,762.051,865.669
356.373,760.613,854.003
356.894,759.768,863.519
357.414,767.105,850.092
357.933,765.772,848.909
358.451,766.616,875.205
358.968,767.411,864.017
359.484,756.991,868.87
360.0,762.988,877.128
0.514709,766.422,875.729
1.02858,762.349,873.624
