L_S,vl1,vl2
360.0,0.0,0.0
0.514709,1011.13,1095.31
1.02858,1013.42,1098.62
1.54161,1010.91,1103.41
2.05381,1008.77,1104.36
2.56517,1007.87,1104.26
3.07571,1003.53,1092.5
3.58543,997.934,1080.29
4.09433,996.762,1098.14
4.60242,994.925,1129.19
5.1097,1001.42,1113.07
5.61618,995.528,1123.1
6.12186,999.573,1122.68
6.62675,1003.59,1117.58
7.13085,1003.44,1117.3
7.63416,1004.96,1124.57
8.1367,1004.24,1108.25
8.63847,1008.42,1106.87
9.13947,1004.1,1142.12
9.63971,1001.1,1139.81
10.1392,1003.06,1125.42
10.6379,1012.41,1122.41
11.1359,1010.59,1128.56
11.6331,1009.79,1125.65
12.1296,1009.01,1134.62
12.6254,1009.53,1147.87
13.1204,1003.52,1141.9
13.6148,1007.92,1133.62
14.1084,1012.66,1129.87
14.6013,1008.81,1121.75
15.0934,1009.61,1112.88
15.5849,1011.61,1116.72
16.0757,1008.04,1142.7
16.5658,1007.77,1128.43
17.0552,1010.51,1121.49
17.544,1012.77,1122.0
18.032,1007.93,1122.78
18.5194,1009.03,1121.41
19.0062,1009.9,1116.91
19.4923,1007.56,1115.96
19.9777,1010.51,1109.87
20.4625,1006.89,1119.64
20.9466,1009.86,1132.33
21.4301,1007.28,1132.22
21.913,1005.41,1109.68
22.3952,1010.61,1104.2
22.8769,1006.03,1118.53
23.3579,1005.54,1126.22
23.8383,1003.57,1122.08
24.3181,1003.09,1110.79
24.7973,1007.43,1110.84
25.276,1003.6,1103.43
25.754,1002.55,1095.95
26.2315,1003.79,1110.07
26.7083,999.986,1112.45
27.1847,1000.41,1109.77
27.6604,1000.81,1119.84
28.1356,1001.24,1127.23
28.6103,999.446,1128.52
29.0843,999.283,1126.93
29.5579,999.402,1128.54
30.0309,997.489,1126.8
30.5034,997.289,1128.02
30.9754,995.904,1126.95
31.4468,994.345,1116.07
31.9178,993.673,1110.45
32.3882,992.512,1110.29
32.8582,992.515,1105.18
33.3276,990.85,1105.21
33.7965,990.86,1114.02
34.265,993.272,1115.37
34.733,992.076,1112.65
35.2005,989.983,1115.58
35.6676,989.481,1117.74
36.1341,987.409,1115.29
36.6003,984.521,1105.38
37.066,984.971,1100.66
37.5312,985.746,1091.24
37.996,985.89,1086.63
38.4604,985.063,1095.2
38.9243,984.39,1104.4
39.3878,983.297,1104.77
39.8509,981.498,1102.76
40.3136,979.07,1097.74
40.7759,980.667,1093.98
41.2378,979.055,1091.29
41.6993,977.393,1086.53
42.1604,979.165,1088.52
42.6211,978.703,1087.84
43.0815,978.492,1089.8
43.5415,976.236,1087.84
44.0011,974.626,1083.04
44.4604,972.701,1081.84
44.9193,971.786,1078.66
45.3778,972.87,1076.21
45.8361,969.017,1077.74
46.2939,968.974,1075.5
46.7515,967.538,1074.62
47.2087,967.256,1075.58
47.6656,965.16,1073.56
48.1222,964.771,1069.37
48.5785,963.067,1064.77
49.0345,962.198,1065.26
49.4902,960.289,1068.7
49.9456,959.348,1070.49
50.4007,959.408,1066.69
50.8556,957.721,1062.73
51.3102,955.698,1059.44
51.7645,952.511,1060.7
52.2185,953.0,1061.74
52.6723,952.695,1061.33
53.1258,953.311,1058.71
53.5791,949.893,1055.45
54.0322,947.964,1056.62
54.485,945.618,1058.3
54.9376,946.171,1057.36
55.3899,946.035,1054.4
55.8421,945.539,1052.39
56.294,942.651,1049.49
56.7458,942.277,1053.59
57.1973,940.329,1054.2
57.6486,938.152,1054.89
58.0998,938.811,1051.42
58.5508,936.786,1049.24
59.0016,936.808,1047.92
59.4522,936.784,1048.37
59.9026,936.837,1046.53
60.3529,933.755,1038.86
60.8031,931.451,1033.93
61.2531,929.145,1040.03
61.7029,929.895,1040.32
62.1527,929.679,1035.68
62.6023,928.368,1032.44
63.0517,926.421,1028.57
63.5011,925.896,1029.88
63.9503,924.648,1035.36
64.3994,923.941,1036.15
64.8484,923.568,1034.79
65.2973,922.032,1032.44
65.7462,920.068,1028.59
66.1949,919.473,1022.32
66.6436,917.889,1020.39
67.0922,916.723,1023.51
67.5407,917.486,1022.29
67.9891,915.846,1016.23
68.4375,913.335,1012.95
68.8859,911.612,1010.2
69.3342,911.105,1010.8
69.7824,910.876,1014.66
70.2307,909.326,1015.73
70.6789,908.646,1016.65
71.127,907.329,1011.91
71.5752,905.982,1004.91
72.0233,904.815,999.734
72.4715,903.185,997.0
72.9196,902.544,993.325
73.3677,900.695,989.256
73.8159,899.649,992.289
74.264,898.281,994.367
74.7122,897.981,994.856
75.1604,896.501,996.793
75.6087,895.403,994.645
76.0569,893.938,993.393
76.5053,893.032,990.238
76.9537,892.086,988.79
77.4021,889.838,989.352
77.8506,887.91,987.057
78.2991,887.175,983.824
78.7478,885.647,980.331
79.1965,884.755,979.351
79.6453,883.165,976.429
80.0941,881.436,975.523
80.5431,879.963,974.974
80.9922,879.453,971.947
81.4414,877.468,971.542
81.8907,875.326,969.66
82.3401,874.957,966.218
82.7896,874.679,964.531
83.2393,872.064,961.132
83.6891,869.822,960.058
84.139,869.004,960.416
84.5891,868.16,962.002
85.0394,866.8,962.185
85.4898,865.169,960.197
85.9403,864.015,958.505
86.391,862.966,957.409
86.8419,862.106,953.972
87.293,861.096,951.707
87.7443,859.401,953.119
88.1957,857.903,951.715
88.6474,857.464,949.137
89.0992,855.718,945.592
89.5513,853.72,944.7
90.0036,851.725,944.072
90.4561,850.994,940.803
90.9088,849.531,941.831
91.3618,848.508,938.681
91.8149,846.58,937.388
92.2684,845.348,935.03
92.7221,843.553,932.915
93.176,842.167,934.086
93.6302,840.292,932.3
94.0846,839.297,928.711
94.5394,838.288,929.26
94.9944,837.358,929.869
95.4497,835.34,927.711
95.9053,833.974,925.212
96.3611,833.501,924.889
96.8173,832.656,922.293
97.2738,830.691,917.905
97.7305,828.743,919.924
98.1876,827.609,919.592
98.6451,825.431,918.253
99.1028,824.272,917.608
99.5609,822.531,917.014
100.019,821.026,915.248
100.478,819.715,910.455
100.937,819.047,904.462
101.397,817.423,900.602
101.857,816.345,900.193
102.317,815.022,901.079
102.777,813.835,900.927
103.238,812.329,901.8
103.7,810.961,902.305
104.161,809.837,900.428
104.623,808.828,899.923
105.086,807.766,896.349
105.549,806.085,895.549
106.012,804.427,895.0
106.476,803.662,893.478
106.94,801.929,892.214
107.405,799.626,890.772
107.87,798.325,889.619
108.335,796.655,888.255
108.801,795.148,886.616
109.268,794.334,882.64
109.735,793.619,882.012
110.202,792.669,881.745
110.67,791.817,880.67
111.138,790.625,880.695
111.607,789.7,881.218
112.076,788.517,877.759
112.546,786.893,877.617
113.016,785.87,877.07
113.487,784.096,877.048
113.958,783.312,877.02
114.43,782.085,873.397
114.902,781.202,869.855
115.375,779.916,867.601
115.848,778.813,866.318
116.322,777.554,866.92
116.796,775.875,869.685
117.271,774.433,867.744
117.747,773.497,867.648
118.223,771.883,866.181
118.7,770.556,861.39
119.177,769.349,853.687
119.655,767.866,852.929
120.133,766.429,853.446
120.612,766.026,854.21
121.092,764.743,853.932
121.572,763.636,856.461
122.053,762.194,858.189
122.534,761.563,857.329
123.016,759.304,856.964
123.499,760.407,855.029
123.982,759.441,850.352
124.466,758.082,847.208
124.95,757.41,850.256
125.435,756.501,850.483
125.921,755.181,849.841
126.408,754.365,848.941
126.895,754.197,848.859
127.383,752.428,850.637
127.871,752.066,847.226
128.36,750.861,840.171
128.85,749.981,832.117
129.34,749.274,834.16
129.832,747.841,834.974
130.324,747.895,840.982
130.816,746.648,844.427
131.309,747.13,841.058
131.803,747.453,839.363
132.298,745.13,840.615
132.794,743.427,840.826
133.29,742.108,841.48
133.787,740.975,840.543
134.285,740.545,837.297
134.783,739.457,839.568
135.282,740.897,836.078
135.782,741.091,822.918
136.283,740.143,819.604
136.784,739.729,826.556
137.286,738.038,832.531
137.789,736.821,831.244
138.293,736.064,828.028
138.798,735.737,819.886
139.303,734.411,817.811
139.809,731.41,821.238
140.316,728.415,821.598
140.824,729.163,825.93
141.333,732.612,829.116
141.842,735.81,826.626
142.352,735.94,821.711
142.863,735.526,821.495
143.375,735.107,822.582
143.888,733.742,820.904
144.401,733.645,819.911
144.916,734.641,817.315
145.431,733.48,819.54
145.947,732.063,825.307
146.464,730.396,826.344
146.982,731.568,825.636
147.5,731.655,823.475
148.02,730.776,822.744
148.54,729.218,819.793
149.061,729.907,820.807
149.584,730.429,814.637
150.107,730.581,813.926
150.631,729.089,813.701
151.155,727.253,816.157
151.681,725.206,815.027
152.208,725.683,816.402
152.735,725.489,813.242
153.264,725.079,811.738
153.793,724.088,806.877
154.323,724.954,802.473
154.855,724.592,796.16
155.387,724.37,794.578
155.92,721.684,791.387
156.454,720.873,791.74
156.989,720.127,790.584
157.524,723.833,788.691
158.061,723.876,791.462
158.599,725.002,804.738
159.138,724.154,800.88
159.677,724.812,798.283
160.218,726.253,803.043
160.76,727.559,798.965
161.302,725.761,789.748
161.846,725.818,788.884
162.39,727.506,790.643
162.935,727.819,790.478
163.482,729.842,793.967
164.029,730.228,807.604
164.577,729.709,816.107
165.127,730.372,813.916
165.677,731.31,807.262
166.228,732.273,811.686
166.781,734.075,809.839
167.334,733.691,812.917
167.888,735.456,814.942
168.443,736.344,820.013
169.0,736.023,835.923
169.557,736.322,830.28
170.115,736.374,815.899
170.674,739.543,815.513
171.234,740.32,820.61
171.796,739.331,827.484
172.358,739.506,831.397
172.921,738.786,828.23
173.485,739.546,829.873
174.05,743.639,825.357
174.617,744.474,818.756
175.184,745.819,836.936
175.752,747.243,832.042
176.321,747.65,840.429
176.892,749.184,839.425
177.463,749.309,836.751
178.035,749.821,841.603
178.608,753.809,842.363
179.183,755.271,851.444
179.758,754.807,848.086
180.334,756.441,846.532
180.911,755.572,851.139
181.49,757.948,850.368
182.069,758.438,861.744
182.649,760.241,860.9
183.23,759.855,850.941
183.813,759.15,866.472
184.396,761.042,848.412
184.98,765.246,871.556
185.566,767.479,868.723
186.152,767.905,872.806
186.739,768.85,859.205
187.327,769.512,868.751
187.917,770.78,855.263
188.507,774.542,881.526
189.098,773.639,870.644
189.69,777.137,889.968
190.283,782.17,860.302
190.877,780.995,859.567
191.473,783.824,861.289
192.069,784.936,862.645
192.666,782.629,873.263
193.264,794.719,874.634
193.863,794.904,882.697
194.463,791.635,896.681
195.063,792.584,874.726
195.665,804.545,848.998
196.268,793.884,840.883
196.872,809.929,893.297
197.476,802.817,861.231
198.082,808.112,885.965
198.688,814.166,868.157
199.296,801.574,879.197
199.904,817.815,897.642
200.513,817.603,875.23
201.123,823.516,862.965
201.735,818.559,906.65
202.346,831.571,899.568
202.959,824.284,899.621
203.573,824.568,923.872
204.187,824.637,893.498
204.803,828.832,899.492
205.419,834.319,920.767
206.036,839.61,887.265
206.654,835.643,937.679
207.273,849.546,935.356
207.893,842.949,944.148
208.513,837.496,919.792
209.135,845.225,936.105
209.757,846.998,912.682
210.38,857.454,918.84
211.003,858.164,924.559
211.628,860.994,923.294
212.253,858.389,956.348
212.879,856.359,960.838
213.506,864.964,962.411
214.134,863.799,960.966
214.762,865.289,955.706
215.391,885.495,948.135
216.021,870.415,954.534
216.651,874.738,972.82
217.283,874.39,978.139
217.915,876.118,974.194
218.547,881.82,982.01
219.18,893.089,946.008
219.814,892.111,989.281
220.449,889.917,969.182
221.084,890.511,963.286
221.72,887.979,1006.38
222.357,897.679,964.134
222.994,900.172,990.742
223.632,908.045,1007.83
224.27,910.718,980.409
224.909,908.104,1008.66
225.548,920.351,1018.77
226.188,915.961,995.149
226.829,911.606,978.879
227.47,918.246,1007.06
228.112,922.092,977.362
228.754,917.947,1041.77
229.396,926.528,1003.46
230.04,924.5,1018.78
230.683,939.648,989.88
231.327,943.409,1025.13
231.972,936.379,1015.67
232.617,929.136,1035.95
233.262,937.309,1024.12
233.908,941.012,1049.06
234.554,946.499,1010.97
235.201,948.407,1038.66
235.848,944.984,1024.03
236.495,941.703,1066.38
237.143,945.742,1032.59
237.791,955.519,1088.74
238.439,969.379,1043.82
239.088,966.231,1040.71
239.737,974.267,1042.5
240.386,944.739,1031.1
241.036,955.318,1062.1
241.685,980.337,1077.84
242.335,970.149,1051.52
242.985,963.648,1037.65
243.636,976.358,1088.82
244.286,973.555,1062.78
244.937,966.892,1064.64
245.588,982.962,1064.0
246.239,986.717,1086.9
246.891,960.295,1071.57
247.542,981.454,1078.36
248.193,996.158,1058.84
248.845,974.985,1043.83
249.497,976.064,1082.93
250.148,992.846,1068.66
250.8,983.656,1082.17
251.452,980.97,1057.93
252.104,990.946,1094.7
252.756,993.2,1079.03
253.408,985.268,1070.9
254.059,986.559,1064.52
254.711,987.284,1108.06
255.363,975.972,1101.64
256.015,992.468,1079.07
256.666,993.442,1035.58
257.318,991.735,1079.46
257.969,985.398,1090.91
258.621,984.729,1065.33
259.272,985.547,1074.32
259.923,997.68,1094.79
260.574,966.395,1067.27
261.224,978.056,1085.46
261.875,1001.77,1079.56
262.525,985.388,1047.01
263.175,1003.14,1053.1
263.825,991.947,1070.73
264.475,969.564,1070.97
265.124,970.663,1108.05
265.773,979.699,1060.59
266.422,1002.78,1074.41
267.07,991.153,1029.27
267.718,998.125,1035.06
268.366,980.291,1076.86
269.014,946.068,1070.89
269.661,965.904,1111.93
270.307,990.615,1111.69
270.954,998.411,1050.94
271.6,980.163,1011.19
272.245,987.002,1017.0
272.891,975.73,1061.65
273.535,948.182,1088.8
274.18,969.543,1083.96
274.823,985.294,1029.81
275.467,991.389,1076.02
276.11,970.63,1012.82
276.752,967.349,1041.84
277.394,980.729,1068.11
278.035,946.62,1095.1
278.676,956.667,1079.76
279.316,975.132,1025.84
279.956,991.194,1050.26
280.595,973.866,997.889
281.234,961.637,1038.53
281.872,957.39,1057.64
282.509,937.997,1085.89
283.146,962.496,1103.62
283.782,975.356,1055.7
284.417,969.828,983.273
285.052,958.334,1024.23
285.687,951.489,1036.12
286.32,947.586,1062.59
286.953,950.652,1076.71
287.585,958.395,1028.03
288.217,955.048,1025.89
288.847,941.904,1051.48
289.478,953.152,1016.79
290.107,949.149,1053.7
290.736,962.365,1047.77
291.363,952.738,983.926
291.991,940.966,1013.82
292.617,932.813,1067.56
293.243,938.521,1016.35
293.867,959.25,1042.51
294.491,956.683,987.905
295.115,925.792,987.875
295.737,933.5,1067.34
296.359,935.791,1022.71
296.98,931.655,1049.18
297.6,956.816,1006.25
298.219,941.64,958.226
298.837,941.467,1019.65
299.455,920.227,1029.12
300.071,918.927,1056.43
300.687,941.292,1018.68
301.302,928.426,1026.05
301.916,931.879,1030.87
302.529,912.357,1026.06
303.142,931.553,1001.54
303.753,945.141,1022.65
304.363,927.817,996.664
304.973,915.94,989.11
305.582,922.223,1016.88
306.189,915.258,1069.88
306.796,914.014,1015.38
307.402,929.757,985.807
308.007,947.684,1019.79
308.611,909.386,957.828
309.215,907.552,1004.22
309.817,942.473,1006.2
310.418,914.246,1058.85
311.018,908.901,1009.11
311.618,918.911,1035.27
312.216,915.171,1019.43
312.813,907.775,992.428
313.41,917.333,996.339
314.005,923.927,1039.65
314.6,903.004,987.513
315.194,908.706,990.979
315.786,930.223,1032.88
316.378,900.147,1008.97
316.968,896.076,1006.82
317.558,917.773,998.597
318.147,916.608,1018.15
318.734,897.178,947.257
319.321,904.345,1002.94
319.907,920.265,974.683
320.491,900.993,1021.9
321.075,900.082,979.747
321.658,899.902,1007.22
322.239,904.997,1010.26
322.82,889.508,976.869
323.4,908.834,973.89
323.978,904.449,1012.85
324.556,896.404,970.285
325.133,888.82,999.414
325.709,901.765,1011.05
326.283,895.247,982.722
326.857,887.084,963.313
327.43,898.224,939.044
328.001,894.948,948.77
328.572,895.194,1010.0
329.141,892.221,993.868
329.71,891.367,996.508
330.278,875.232,988.436
330.844,893.95,969.303
331.41,882.0,982.685
331.975,895.616,929.196
332.538,886.708,962.974
333.101,897.505,987.77
333.662,892.528,995.552
334.223,883.384,1007.83
334.783,884.187,982.216
335.341,876.576,936.611
335.899,889.091,979.553
336.456,894.676,968.843
337.011,882.801,983.774
337.566,894.855,981.092
338.119,874.42,996.657
338.672,883.407,973.141
339.224,876.631,982.044
339.774,895.608,944.565
340.324,882.028,944.297
340.873,888.036,976.173
341.421,886.786,995.897
341.967,882.13,980.163
342.513,887.847,998.549
343.058,878.507,939.831
343.602,871.666,976.464
344.145,897.279,965.181
344.687,876.507,946.481
345.228,891.062,993.906
345.768,884.456,976.893
346.307,882.427,991.367
346.845,881.148,979.944
347.382,872.604,968.87
347.919,880.039,938.416
348.454,880.886,973.893
348.988,887.885,970.958
349.522,884.126,952.887
350.054,875.67,989.994
350.586,892.949,963.544
351.116,877.574,975.186
351.646,881.861,982.228
352.175,883.679,961.648
352.703,877.064,980.353
353.23,884.277,989.021
353.756,878.895,999.435
354.281,871.237,987.229
354.805,875.875,963.039
355.329,884.24,982.677
355.851,878.957,973.942
356.373,881.829,962.006
356.894,877.254,984.643
357.414,880.498,989.934
357.933,875.77,1008.72
358.451,869.106,1001.37
358.968,868.91,981.445
359.484,874.377,1014.69
360.0,873.644,987.54
0.514709,875.16,993.713
1.02858,876.675,987.981
1.54161,884.268,984.663
2.05381,872.895,979.737
2.56517,874.39,999.996
3.07571,875.666,997.255
3.58543,873.826,997.458
4.09433,870.88,985.818
4.60242,884.952,991.827
5.1097,877.934,994.748
5.61618,877.796,978.187
6.12186,886.611,1008.41
6.62675,879.015,1007.09
7.13085,878.453,1002.57
7.63416,878.956,1003.05
8.1367,877.513,989.386
8.63847,887.66,992.227
9.13947,878.769,1001.02
9.63971,889.446,1011.62
10.1392,881.057,1017.6
10.6379,882.869,998.26
11.1359,883.94,1017.54
11.6331,882.479,1004.98
12.1296,881.538,996.303
12.6254,883.401,979.11
13.1204,892.221,987.491
13.6148,883.437,1009.19
14.1084,888.629,999.126
14.6013,884.01,1012.03
15.0934,886.106,997.604
15.5849,889.063,1004.12
16.0757,884.431,996.564
16.5658,887.221,979.896
17.0552,893.187,1011.69
17.544,885.662,986.17
18.032,888.635,977.038
18.5194,888.381,1018.65
19.0062,888.415,1007.92
19.4923,886.442,993.954
19.9777,888.394,1004.09
20.4625,896.985,987.101
20.9466,890.923,997.869
21.4301,890.87,1002.68
21.913,894.704,1006.19
22.3952,889.474,1014.47
22.8769,887.96,1012.59
23.3579,896.469,1009.53
23.8383,891.914,1019.0
24.3181,891.486,998.036
24.7973,891.205,988.337
25.276,898.527,993.335
25.754,894.46,1020.86
26.2315,887.463,1001.8
26.7083,892.134,997.627
27.1847,900.479,1009.09
27.6604,892.787,1010.11
28.1356,888.629,1001.46
28.6103,896.156,996.769
29.0843,894.703,1022.68
29.5579,891.161,1009.54
30.0309,894.34,1005.37
30.5034,894.54,1012.98
30.9754,890.251,999.236
31.4468,893.869,1006.48
31.9178,897.019,1024.02
32.3882,890.951,1005.27
32.8582,886.664,991.575
33.3276,894.33,1007.3
33.7965,893.109,1018.18
34.265,888.054,995.894
34.733,887.54,984.327
35.2005,895.321,995.305
35.6676,893.222,1017.29
36.1341,889.602,1014.75
36.6003,890.557,988.044
37.066,893.925,991.535
37.5312,897.095,1026.04
37.996,891.332,1016.94
38.4604,886.288,969.853
38.9243,888.297,985.646
39.3878,897.668,998.315
39.8509,892.673,1021.91
40.3136,888.658,996.788
40.7759,889.295,986.552
41.2378,897.532,1011.82
41.6993,892.616,1020.08
42.1604,887.788,989.961
42.6211,890.705,982.709
43.0815,896.38,1000.43
43.5415,895.462,1016.26
44.0011,886.272,984.456
44.4604,888.758,985.716
44.9193,897.285,988.274
45.3778,892.095,997.738
45.8361,891.891,1004.8
46.2939,896.043,1005.71
46.7515,891.7,987.43
47.2087,890.758,994.308
47.6656,891.942,1009.3
48.1222,891.673,1002.8
48.5785,890.613,978.412
49.0345,891.776,1002.69
49.4902,895.207,1014.69
49.9456,887.672,988.914
50.4007,886.181,989.036
50.8556,895.356,1009.08
51.3102,891.384,1002.5
51.7645,888.106,989.985
52.2185,889.024,990.384
52.6723,892.843,995.73
53.1258,888.061,995.625
53.5791,883.994,994.413
54.0322,893.688,997.288
54.485,893.176,997.731
54.9376,884.99,999.387
55.3899,884.842,991.553
55.8421,891.132,990.833
56.294,887.692,998.357
56.7458,883.141,999.558
57.1973,883.297,995.692
57.6486,886.036,996.196
58.0998,885.934,1001.61
58.5508,880.531,997.983
59.0016,878.796,996.686
59.4522,878.413,991.432
59.9026,881.948,990.408
60.3529,884.46,994.979
60.8031,882.021,994.798
61.2531,879.739,985.477
61.7029,884.624,984.717
62.1527,881.567,991.247
62.6023,874.419,992.519
63.0517,880.612,989.967
63.5011,880.247,993.199
63.9503,875.633,987.39
64.3994,874.629,984.454
64.8484,880.617,987.558
65.2973,878.226,987.594
65.7462,876.199,981.855
66.1949,880.903,984.083
66.6436,879.988,989.403
67.0922,874.972,989.302
67.5407,875.938,984.815
67.9891,877.469,986.656
68.4375,875.606,984.807
68.8859,873.714,982.335
69.3342,875.423,980.656
69.7824,873.927,981.199
70.2307,875.902,983.325
70.6789,874.668,988.279
71.127,870.958,984.136
71.5752,874.631,984.143
72.0233,874.786,985.164
72.4715,871.561,980.413
72.9196,870.899,979.693
73.3677,870.256,984.389
73.8159,870.472,978.944
74.264,870.223,969.915
74.7122,870.222,974.572
75.1604,871.667,977.797
75.6087,867.895,975.154
76.0569,867.452,973.534
76.5053,867.15,973.997
76.9537,866.258,975.387
77.4021,865.003,974.878
77.8506,865.532,969.913
78.2991,866.049,967.312
78.7478,865.951,973.985
79.1965,864.573,973.87
79.6453,862.327,970.814
80.0941,862.506,969.994
80.5431,861.939,966.656
80.9922,860.382,961.872
81.4414,859.475,962.63
81.8907,857.987,961.871
82.3401,856.83,959.375
82.7896,858.458,959.768
83.2393,857.865,960.504
83.6891,856.711,961.093
84.139,855.484,957.3
84.5891,854.694,951.509
85.0394,852.62,951.325
85.4898,851.242,957.739
85.9403,852.064,958.776
86.391,852.91,958.115
86.8419,852.171,955.363
87.293,851.194,950.087
87.7443,850.024,950.763
88.1957,849.798,952.796
88.6474,848.346,949.992
89.0992,847.574,946.969
89.5513,846.095,945.724
90.0036,845.863,948.08
90.4561,845.142,949.522
90.9088,844.463,947.283
91.3618,843.574,943.647
91.8149,842.925,940.542
92.2684,841.754,942.628
92.7221,840.897,939.943
93.176,839.78,936.336
93.6302,838.526,935.672
94.0846,837.526,934.39
94.5394,836.435,933.996
94.9944,836.05,933.414
95.4497,834.453,928.07
95.9053,833.664,924.6
96.3611,832.394,924.531
96.8173,831.039,921.829
97.2738,830.305,917.912
97.7305,829.081,913.407
98.1876,828.302,914.852
98.6451,828.273,917.972
99.1028,827.396,916.727
99.5609,827.353,914.852
100.019,825.911,914.367
100.478,824.538,916.711
100.937,823.917,915.98
101.397,822.463,915.795
101.857,820.843,914.323
102.317,819.315,910.504
102.777,818.082,910.672
103.238,817.074,909.542
103.7,815.684,907.986
104.161,813.482,907.394
104.623,812.248,906.271
105.086,810.835,904.89
105.549,810.458,902.87
106.012,809.557,904.504
106.476,808.154,906.247
106.94,806.114,901.902
107.405,805.532,896.056
107.87,805.437,892.685
108.335,803.684,892.737
108.801,802.385,894.515
109.268,801.081,893.409
109.735,799.667,891.198
110.202,798.052,886.643
110.67,797.327,886.196
111.138,796.634,889.549
111.607,796.426,889.653
112.076,795.895,889.109
112.546,794.43,891.176
113.016,792.653,888.912
113.487,790.225,884.669
113.958,788.986,883.7
114.43,787.71,880.27
114.902,786.686,881.25
115.375,785.8,881.377
115.848,784.564,880.402
116.322,784.223,878.487
116.796,783.497,875.587
117.271,782.077,875.26
117.747,781.272,875.656
118.223,780.256,874.121
118.7,778.44,874.418
119.177,777.016,871.709
119.655,774.989,870.517
120.133,774.329,870.194
120.612,774.346,867.724
121.092,773.62,866.565
121.572,771.748,864.268
122.053,770.73,860.96
122.534,769.242,855.528
123.016,768.502,853.242
123.499,767.775,855.273
123.982,767.912,857.011
124.466,767.596,855.861
124.95,765.518,856.84
125.435,764.436,856.364
125.921,763.647,853.801
126.408,762.025,851.287
126.895,761.332,850.247
127.383,759.799,848.779
127.871,760.057,846.508
128.36,759.587,846.177
128.85,759.371,847.58
129.34,759.27,846.809
129.832,757.007,848.083
130.324,756.035,845.817
130.816,755.209,842.809
131.309,754.016,840.28
131.803,753.325,840.062
132.298,752.1,843.857
132.794,751.519,840.595
133.29,751.703,839.155
133.787,751.028,843.681
134.285,750.795,842.592
134.783,749.826,841.61
135.282,749.232,837.495
135.782,749.339,837.737
136.283,748.718,837.471
136.784,748.755,832.233
137.286,748.912,834.994
137.789,747.885,836.234
138.293,748.404,836.841
138.798,747.221,835.181
139.303,746.315,829.134
139.809,745.489,823.362
140.316,743.347,824.504
140.824,743.307,827.995
141.333,743.647,833.191
141.842,743.58,835.895
142.352,743.741,835.328
142.863,742.726,825.611
143.375,741.818,819.657
143.888,740.621,823.545
144.401,737.434,831.953
144.916,735.552,835.988
145.431,734.274,832.375
145.947,733.73,831.324
146.464,731.69,828.802
146.982,730.843,824.772
147.5,732.143,817.863
148.02,731.615,811.931
148.54,727.778,810.874
149.061,729.477,809.321
149.584,732.87,814.565
150.107,731.655,820.221
150.631,731.567,817.419
151.155,735.377,819.773
151.681,735.357,824.752
152.208,734.698,835.635
152.735,732.891,832.825
153.264,733.181,822.346
153.793,735.036,820.009
154.323,734.557,804.023
154.855,734.398,802.869
155.387,734.612,810.299
155.92,734.861,809.764
156.454,733.652,803.336
156.989,733.74,801.473
157.524,734.7,797.114
158.061,733.921,802.801
158.599,734.974,811.339
159.138,734.221,818.129
159.677,734.908,820.451
160.218,735.144,819.298
160.76,736.596,817.661
161.302,736.783,820.51
161.846,736.037,817.013
162.39,736.902,815.151
162.935,738.04,817.122
163.482,737.552,816.743
164.029,738.442,810.594
164.577,738.87,826.403
165.127,738.338,823.975
165.677,738.814,827.708
166.228,738.461,824.175
166.781,739.7,816.524
167.334,741.599,824.205
167.888,741.54,827.084
168.443,743.446,825.729
169.0,743.766,833.899
169.557,743.992,825.874
170.115,745.27,827.955
170.674,744.639,824.409
171.234,745.499,833.761
171.796,747.907,836.229
172.358,747.287,835.158
172.921,749.435,826.325
173.485,749.543,831.194
174.05,751.538,848.589
174.617,752.521,843.034
175.184,753.627,840.179
175.752,754.978,846.224
176.321,756.881,843.433
176.892,757.575,843.967
177.463,758.575,846.016
178.035,759.997,853.706
178.608,759.55,851.944
179.183,761.447,858.117
179.758,762.931,859.55
180.334,761.933,853.706
180.911,764.147,862.406
181.49,763.266,862.478
182.069,764.631,871.412
182.649,764.636,855.032
183.23,769.362,868.054
183.813,767.066,872.534
184.396,770.811,884.702
184.98,768.987,856.389
185.566,773.596,872.717
186.152,777.097,859.736
186.739,771.141,870.726
187.327,778.191,880.103
187.917,778.58,886.774
188.507,775.655,881.203
189.098,777.637,841.28
189.69,781.518,864.096
190.283,785.69,852.791
190.877,788.649,888.378
191.473,785.218,878.506
192.069,790.821,878.098
192.666,799.963,875.553
193.264,793.913,868.84
193.863,791.189,886.699
194.463,801.723,863.994
195.063,798.452,841.605
195.665,809.783,896.053
196.268,810.052,874.118
196.872,808.678,864.375
197.476,811.469,903.881
198.082,812.799,904.885
198.688,808.745,885.362
199.296,811.906,901.849
199.904,815.302,901.749
200.513,818.36,886.835
201.123,822.399,906.379
201.735,827.366,912.222
202.346,823.839,864.736
202.959,828.491,933.496
203.573,832.196,893.252
204.187,830.613,881.644
204.803,843.239,936.211
205.419,841.334,907.372
206.036,840.038,920.95
206.654,851.949,920.802
207.273,835.162,948.614
207.893,850.45,944.916
208.513,843.263,963.675
209.135,850.277,944.722
209.757,845.807,954.23
210.38,857.501,931.716
211.003,859.673,942.08
211.628,861.449,919.093
212.253,869.066,961.11
212.879,863.534,955.026
213.506,868.544,920.852
214.134,862.705,968.072
214.762,880.646,958.424
215.391,874.094,949.611
216.021,872.351,981.466
216.651,881.223,934.021
217.283,885.695,989.67
217.915,883.446,938.288
218.547,888.597,964.572
219.18,900.532,994.812
219.814,892.157,961.887
220.449,887.032,981.757
221.084,894.545,1000.32
221.72,895.157,984.417
222.357,902.81,989.228
222.994,912.044,993.098
223.632,905.778,983.489
224.27,920.167,1024.98
224.909,914.257,1007.27
225.548,915.307,1016.97
226.188,907.395,998.013
226.829,909.302,1020.52
227.47,934.109,1007.6
228.112,923.44,1036.26
228.754,921.036,1000.88
229.396,930.831,1053.19
230.04,941.253,1008.0
230.683,924.373,1012.47
231.327,940.668,1026.46
231.972,944.607,1002.92
232.617,933.728,1009.92
233.262,930.472,1026.0
233.908,945.383,998.853
234.554,954.085,1053.63
235.201,945.169,1042.38
235.848,948.287,1069.95
236.495,968.825,1028.11
237.143,943.611,1023.03
237.791,956.998,1024.98
238.439,968.424,1061.67
239.088,963.103,1062.73
239.737,946.684,1042.95
240.386,960.401,1060.54
241.036,984.865,1088.51
241.685,968.688,1024.2
242.335,955.362,1045.31
242.985,979.827,1083.83
243.636,954.813,1093.77
244.286,966.894,1080.06
244.937,982.934,1036.82
245.588,986.867,1047.62
246.239,973.507,1053.77
246.891,974.994,1050.86
247.542,996.104,1093.4
248.193,982.596,1075.3
248.845,959.898,1037.61
249.497,985.322,1080.35
250.148,985.39,1097.59
250.8,976.055,1057.83
251.452,993.908,1073.37
252.104,1006.01,1066.66
252.756,967.606,1059.97
253.408,979.269,1079.35
254.059,988.795,1073.74
254.711,993.16,1115.97
255.363,990.928,1059.33
256.015,993.436,1074.83
256.666,977.465,1083.45
257.318,975.891,1090.32
257.969,989.621,1086.37
258.621,1004.35,1090.96
259.272,980.073,1054.82
259.923,969.821,1066.84
260.574,992.066,1085.21
261.224,989.597,1092.36
261.875,982.597,1057.16
262.525,998.206,1053.61
263.175,985.347,1077.66
263.825,967.887,1079.93
264.475,978.049,1099.36
265.124,990.686,1043.28
265.773,1001.33,1076.84
266.422,990.459,1042.48
267.07,947.363,1077.5
267.718,973.792,1078.63
268.366,979.549,1084.49
269.014,987.376,1081.8
269.661,985.539,1042.58
270.307,984.375,1049.34
270.954,967.876,1076.62
271.6,962.415,1052.95
272.245,978.182,1088.02
272.891,983.381,1062.12
273.535,984.411,1018.41
274.18,966.129,1052.68
274.823,971.083,1057.88
275.467,961.333,1099.58
276.11,976.481,1056.26
276.752,973.024,1044.22
277.394,974.962,1052.42
278.035,961.957,1066.19
278.676,954.621,1040.36
279.316,972.976,1074.58
279.956,971.283,1047.93
280.595,952.935,1023.94
281.234,958.913,1082.61
281.872,965.077,1050.76
282.509,953.142,1047.85
283.146,973.806,1022.04
283.782,958.615,1037.0
284.417,940.151,1063.26
285.052,956.006,1050.06
285.687,955.472,1038.9
286.32,974.445,1052.42
286.953,948.472,971.748
287.585,952.961,1026.12
288.217,946.186,1055.61
288.847,935.019,1064.05
289.478,959.847,1030.64
290.107,947.188,995.943
290.736,944.979,1032.16
291.363,943.276,1019.07
291.991,926.183,1061.24
292.617,949.429,1047.59
293.243,940.359,1017.06
293.867,950.436,983.033
294.491,922.047,1053.46
295.115,939.576,1019.84
295.737,944.229,1020.88
296.359,943.412,1043.77
296.98,941.823,1020.22
297.6,926.568,1002.51
298.219,930.207,1052.46
298.837,938.848,990.555
299.455,941.322,1025.41
300.071,944.919,958.564
300.687,911.95,1013.78
301.302,917.369,1042.59
301.916,925.657,1068.25
302.529,926.565,1018.93
303.142,947.363,982.033
303.753,934.668,957.698
304.363,921.708,1006.14
304.973,906.964,1055.03
305.582,911.446,1016.42
306.189,916.634,1029.44
306.796,939.377,1017.83
307.402,901.186,983.747
308.007,911.291,1002.81
308.611,925.824,1003.74
309.215,921.35,1042.57
309.817,913.216,992.387
310.418,915.421,1025.84
311.018,916.622,1020.58
311.618,909.685,998.201
312.216,911.087,1007.17
312.813,920.243,1026.25
313.41,903.705,979.769
314.005,907.373,993.86
314.6,922.648,1008.34
315.194,905.787,971.978
315.786,893.146,1015.16
316.378,920.503,993.749
316.968,904.224,1039.89
317.558,901.51,1006.6
318.147,900.979,1011.97
318.734,908.299,960.762
319.321,913.074,993.965
319.907,898.533,982.137
320.491,905.973,966.177
321.075,897.59,990.698
321.658,893.147,1001.51
322.239,896.231,1004.93
322.82,907.507,1002.6
323.4,891.182,963.186
323.978,885.738,967.252
324.556,904.475,1005.34
325.133,897.484,1020.91
325.709,882.374,989.186
326.283,891.184,962.161
326.857,895.058,989.496
327.43,898.964,999.89
328.001,883.152,963.352
328.572,894.09,971.178
329.141,898.129,976.082
329.71,882.636,951.22
330.278,886.618,965.57
330.844,892.007,961.376
331.41,895.124,916.021
331.975,879.93,990.828
332.538,896.985,950.611
333.101,874.516,975.697
333.662,882.881,997.541
334.223,883.794,982.247
334.783,883.856,986.904
335.341,882.874,967.392
335.899,884.207,954.664
336.456,886.263,942.816
337.011,887.74,962.833
337.566,887.405,945.477
338.119,887.035,984.895
338.672,886.76,996.814
339.224,884.968,955.648
339.774,870.445,997.464
340.324,890.718,964.732
340.873,876.942,959.592
341.421,879.237,1002.16
341.967,880.993,947.925
342.513,878.195,973.186
343.058,890.384,961.256
343.602,877.671,969.515
344.145,883.88,991.757
344.687,878.113,987.912
345.228,878.51,932.277
345.768,871.786,964.521
346.307,889.792,938.41
346.845,874.853,945.873
347.382,888.915,991.081
347.919,884.94,954.82
348.454,874.474,996.883
348.988,883.746,982.904
349.522,871.56,984.396
350.054,872.568,990.899
350.586,880.056,1003.42
351.116,866.782,980.017
351.646,867.745,969.203
352.175,870.632,988.006
352.703,881.455,953.598
353.23,867.107,978.903
353.756,881.448,965.009
354.281,868.868,1006.61
354.805,874.944,994.536
355.329,865.1,1005.67
355.851,873.095,981.753
356.373,868.901,985.646
356.894,875.49,956.272
357.414,865.799,977.129
357.933,878.347,991.989
358.451,871.142,991.811
358.968,873.568,997.471
359.484,874.491,1000.13
360.0,872.114,994.831
0.514709,866.661,1008.41
1.02858,867.278,981.652
