L_S,vl1,vl2
360.0,0.0,0.0
0.514709,946.819,1026.47
1.02858,949.047,1030.32
1.54161,946.547,1035.15
2.05381,944.267,1036.0
2.56517,943.198,1035.78
3.07571,939.286,1023.1
3.58543,934.74,1013.58
4.09433,933.522,1033.6
4.60242,932.017,1058.45
5.1097,937.661,1043.46
5.61618,932.649,1055.23
6.12186,937.05,1052.42
6.62675,939.539,1050.7
7.13085,941.614,1052.5
7.63416,941.545,1061.27
8.1367,939.761,1060.53
8.63847,941.529,1042.71
9.13947,948.315,1051.23
9.63971,944.044,1038.0
10.1392,943.325,1050.09
10.6379,950.761,1072.2
11.1359,944.495,1059.91
11.6331,942.428,1049.9
12.1296,950.484,1062.45
12.6254,943.057,1051.42
13.1204,941.995,1033.09
13.6148,948.359,1057.76
14.1084,948.095,1064.21
14.6013,942.059,1060.37
15.0934,945.323,1061.57
15.5849,950.118,1071.25
16.0757,941.605,1051.52
16.5658,943.943,1043.77
17.0552,953.223,1060.94
17.544,945.781,1063.26
18.032,941.469,1047.98
18.5194,945.976,1051.97
19.0062,942.14,1069.4
19.4923,940.513,1056.53
19.9777,944.575,1045.52
20.4625,947.328,1047.06
20.9466,944.187,1050.44
21.4301,942.029,1048.75
21.913,944.146,1044.95
22.3952,942.767,1049.67
22.8769,941.736,1047.99
23.3579,943.152,1040.01
23.8383,943.558,1048.59
24.3181,941.176,1043.43
24.7973,940.92,1044.19
25.276,939.853,1041.38
25.754,939.507,1053.21
26.2315,938.878,1054.37
26.7083,939.031,1052.59
27.1847,939.138,1053.2
27.6604,939.075,1054.2
28.1356,936.638,1048.15
28.6103,933.651,1032.6
29.0843,933.388,1023.35
29.5579,931.124,1026.86
30.0309,930.319,1024.92
30.5034,930.618,1025.99
30.9754,928.122,1023.29
31.4468,928.176,1025.78
31.9178,928.801,1024.07
32.3882,928.701,1033.12
32.8582,927.68,1039.29
33.3276,927.529,1044.92
33.7965,927.934,1044.72
34.265,928.194,1046.3
34.733,928.773,1046.33
35.2005,927.152,1047.02
35.6676,924.775,1047.63
36.1341,925.106,1043.69
36.6003,924.435,1036.16
37.066,923.284,1028.98
37.5312,922.258,1024.16
37.996,923.3,1019.05
38.4604,921.648,1025.05
38.9243,920.546,1028.15
39.3878,918.473,1023.8
39.8509,917.795,1024.38
40.3136,918.953,1024.69
40.7759,917.899,1024.68
41.2378,916.366,1025.21
41.6993,915.518,1022.77
42.1604,914.053,1018.9
42.6211,912.314,1013.16
43.0815,913.237,1012.33
43.5415,912.901,1013.07
44.0011,912.232,1015.28
44.4604,910.467,1017.36
44.9193,908.554,1014.42
45.3778,908.9,1009.68
45.8361,905.822,1005.84
46.2939,905.859,1003.71
46.7515,904.604,1003.55
47.2087,903.196,1005.35
47.6656,901.83,1005.49
48.1222,900.094,1003.25
48.5785,900.512,998.572
49.0345,898.637,998.106
49.4902,897.313,996.644
49.9456,895.854,994.051
50.4007,895.347,993.718
50.8556,893.539,998.076
51.3102,892.939,999.424
51.7645,892.251,996.463
52.2185,890.742,992.562
52.6723,889.528,987.548
53.1258,887.663,989.201
53.5791,887.025,993.005
54.0322,885.042,992.117
54.485,884.516,986.801
54.9376,882.798,986.325
55.3899,881.402,989.955
55.8421,879.734,988.48
56.294,879.223,983.213
56.7458,876.542,978.807
57.1973,875.704,976.005
57.6486,874.909,978.009
58.0998,874.324,980.118
58.5508,874.73,979.736
59.0016,875.175,979.387
59.4522,874.304,979.207
59.9026,870.873,981.767
60.3529,869.505,981.05
60.8031,867.672,982.225
61.2531,867.781,980.306
61.7029,867.717,975.766
62.1527,867.002,968.75
62.6023,864.5,965.318
63.0517,864.507,963.649
63.5011,863.476,957.052
63.9503,861.478,954.144
64.3994,861.002,957.24
64.8484,861.357,957.583
65.2973,859.686,955.91
65.7462,858.053,961.063
66.1949,856.533,962.904
66.6436,854.851,962.659
67.0922,852.651,960.423
67.5407,851.496,954.453
67.9891,852.153,948.71
68.4375,851.399,948.353
68.8859,850.549,950.159
69.3342,849.145,948.505
69.7824,848.191,948.446
70.2307,847.437,945.761
70.6789,847.009,941.986
71.127,844.574,938.297
71.5752,843.724,934.744
72.0233,841.584,934.025
72.4715,841.678,934.015
72.9196,839.876,932.055
73.3677,839.4,930.48
73.8159,838.01,928.836
74.264,836.798,928.32
74.7122,834.732,926.672
75.1604,833.348,925.286
75.6087,831.439,925.556
76.0569,830.325,924.759
76.5053,829.386,921.682
76.9537,827.735,916.955
77.4021,827.172,916.497
77.8506,825.949,915.427
78.2991,826.188,912.549
78.7478,824.395,910.674
79.1965,822.597,909.999
79.6453,820.714,909.312
80.0941,819.598,907.937
80.5431,818.066,907.031
80.9922,817.356,905.909
81.4414,815.19,904.514
81.8907,813.895,901.861
82.3401,812.287,901.311
82.7896,810.862,899.332
83.2393,809.916,896.507
83.6891,809.07,896.265
84.139,808.008,894.023
84.5891,807.192,891.501
85.0394,804.872,887.87
85.4898,803.785,888.198
85.9403,802.813,887.353
86.391,801.749,888.927
86.8419,800.652,889.239
87.293,798.789,888.148
87.7443,797.977,885.862
88.1957,796.123,882.722
88.6474,795.121,879.499
89.0992,793.371,877.516
89.5513,792.3,879.769
90.0036,790.556,878.951
90.4561,789.414,877.221
90.9088,787.423,877.464
91.3618,786.247,874.124
91.8149,784.937,872.504
92.2684,783.793,871.844
92.7221,782.716,869.64
93.176,781.484,868.255
93.6302,780.435,866.931
94.0846,778.628,866.031
94.5394,777.6,863.976
94.9944,776.093,862.701
95.4497,775.198,860.349
95.9053,773.237,858.329
96.3611,771.677,858.505
96.8173,770.087,856.089
97.2738,769.611,852.334
97.7305,768.224,849.883
98.1876,766.509,850.482
98.6451,765.097,849.372
99.1028,763.88,847.424
99.5609,762.485,846.341
100.019,761.544,846.352
100.478,759.917,845.316
100.937,758.285,844.994
101.397,756.81,844.421
101.857,755.34,841.406
102.317,754.603,840.662
102.777,752.638,838.177
103.238,751.72,836.145
103.7,750.503,832.598
104.161,749.394,834.044
104.623,747.777,835.161
105.086,746.944,832.989
105.549,745.843,829.48
106.012,744.431,827.541
106.476,742.998,826.778
106.94,741.548,826.487
107.405,739.754,825.631
107.87,738.676,823.632
108.335,737.364,822.301
108.801,735.581,821.402
109.268,734.689,818.562
109.735,733.386,815.643
110.202,732.053,816.749
110.67,731.08,816.485
111.138,729.992,815.797
111.607,728.857,814.171
112.076,727.295,812.936
112.546,726.418,808.642
113.016,725.265,804.282
113.487,724.141,805.4
113.958,723.137,805.997
114.43,721.658,805.897
114.902,719.874,804.486
115.375,718.298,802.066
115.848,717.434,799.715
116.322,716.8,796.918
116.796,716.205,796.234
117.271,715.01,797.959
117.747,714.153,796.067
118.223,712.583,797.439
118.7,711.103,798.62
119.177,710.156,799.866
119.655,708.435,801.054
120.133,707.657,800.522
120.612,706.524,798.198
121.092,705.053,796.617
121.572,704.662,792.25
122.053,704.291,789.668
122.534,702.906,786.994
123.016,701.677,784.606
123.499,700.878,783.617
123.982,700.842,782.113
124.466,700.577,783.598
124.95,699.452,785.142
125.435,698.858,784.605
125.921,696.583,782.219
126.408,695.598,780.382
126.895,693.86,779.039
127.383,692.476,777.437
127.871,691.854,776.408
128.36,691.571,779.707
128.85,692.796,777.6
129.34,691.289,776.115
129.832,690.047,775.215
130.324,689.659,774.937
130.816,689.064,775.169
131.309,688.911,774.163
131.803,689.321,772.138
132.298,688.13,770.812
132.794,686.597,766.197
133.29,684.303,767.01
133.787,682.588,768.658
134.285,682.328,766.512
134.783,681.952,766.54
135.282,681.175,765.795
135.782,681.173,767.641
136.283,680.656,766.896
136.784,678.883,761.859
137.286,676.088,760.093
137.789,677.071,762.141
138.293,678.566,764.931
138.798,678.825,765.866
139.303,678.542,767.13
139.809,677.028,765.033
140.316,675.181,760.64
140.824,673.724,758.27
141.333,671.706,757.277
141.842,669.857,755.294
142.352,668.264,755.012
142.863,666.818,766.985
143.375,667.105,766.881
143.888,673.256,750.785
144.401,674.983,754.362
144.916,671.961,757.123
145.431,669.699,757.215
145.947,669.058,758.695
146.464,670.119,760.922
146.982,668.087,758.209
147.5,664.561,751.597
148.02,662.844,746.62
148.54,668.977,748.185
149.061,667.849,750.16
149.584,669.801,741.89
150.107,669.859,728.486
150.631,668.096,736.087
151.155,667.55,732.26
151.681,667.677,737.251
152.208,668.2,755.361
152.735,666.482,752.431
153.264,665.655,744.028
153.793,667.632,750.076
154.323,667.14,753.497
154.855,667.357,754.566
155.387,667.819,750.545
155.92,667.454,743.708
156.454,668.703,738.909
156.989,668.26,737.441
157.524,667.959,735.125
158.061,668.29,734.217
158.599,667.76,733.321
159.138,667.504,729.474
159.677,667.981,728.558
160.218,668.656,724.889
160.76,670.337,729.134
161.302,671.443,736.711
161.846,671.115,746.487
162.39,669.95,753.542
162.935,671.255,752.096
163.482,673.214,753.677
164.029,674.073,745.777
164.577,674.831,746.333
165.127,674.243,751.831
165.677,674.087,752.024
166.228,674.495,752.597
166.781,675.602,757.811
167.334,675.372,758.217
167.888,674.973,753.671
168.443,679.038,752.85
169.0,678.223,758.358
169.557,679.322,756.95
170.115,680.357,752.324
170.674,679.69,755.754
171.234,680.494,759.99
171.796,682.144,765.18
172.358,681.543,768.946
172.921,682.784,767.934
173.485,685.138,760.193
174.05,686.804,761.653
174.617,689.456,776.873
175.184,688.473,769.867
175.752,689.112,761.622
176.321,690.64,781.805
176.892,691.737,777.967
177.463,691.845,767.818
178.035,694.01,780.885
178.608,696.056,776.006
179.183,695.594,789.002
179.758,697.946,787.134
180.334,698.122,783.651
180.911,697.921,784.578
181.49,700.805,788.1
182.069,700.336,791.563
182.649,700.876,799.55
183.23,702.185,798.459
183.813,702.328,795.436
184.396,704.411,800.013
184.98,703.857,790.413
185.566,709.746,802.992
186.152,709.324,801.796
186.739,709.254,796.976
187.327,714.695,800.431
187.917,712.476,811.233
188.507,714.592,813.425
189.098,716.934,794.258
189.69,720.922,806.53
190.283,724.929,799.404
190.877,719.978,823.354
191.473,724.206,814.578
192.069,729.37,809.124
192.666,726.595,804.673
193.264,731.198,795.399
193.863,728.765,813.742
194.463,728.612,816.789
195.063,737.449,812.696
195.665,736.089,814.412
196.268,741.405,794.905
196.872,737.484,808.005
197.476,754.214,811.281
198.082,745.673,824.458
198.688,754.411,816.742
199.296,751.44,827.008
199.904,749.763,798.441
200.513,757.69,801.534
201.123,755.509,830.482
201.735,759.784,826.136
202.346,758.802,832.884
202.959,763.698,812.906
203.573,774.03,840.581
204.187,772.049,840.379
204.803,772.294,796.595
205.419,777.3,863.274
206.036,784.983,858.923
206.654,776.944,837.983
207.273,775.067,844.608
207.893,785.667,851.242
208.513,786.41,848.108
209.135,788.349,873.2
209.757,800.971,864.906
210.38,787.965,868.136
211.003,795.017,871.324
211.628,795.915,876.149
212.253,800.03,889.122
212.879,800.041,888.982
213.506,806.742,880.609
214.134,801.841,894.202
214.762,815.233,879.803
215.391,810.059,868.84
216.021,814.095,907.06
216.651,813.525,890.587
217.283,814.427,902.147
217.915,820.118,911.393
218.547,829.663,855.752
219.18,821.264,910.084
219.814,833.511,876.739
220.449,823.294,877.756
221.084,837.27,933.065
221.72,833.645,923.03
222.357,828.188,937.662
222.994,842.028,919.547
223.632,848.946,936.149
224.27,843.682,906.664
224.909,838.382,949.572
225.548,858.981,926.639
226.188,848.474,960.422
226.829,849.196,925.15
227.47,859.067,933.473
228.112,870.704,936.308
228.754,866.138,942.287
229.396,850.73,931.252
230.04,871.855,970.923
230.683,869.92,972.572
231.327,860.797,940.475
231.972,875.677,965.163
232.617,894.497,977.585
233.262,876.429,909.617
233.908,863.555,945.92
234.554,887.797,999.303
235.201,872.936,967.564
235.848,882.94,973.592
236.495,900.737,988.861
237.143,893.707,962.864
237.791,889.065,985.548
238.439,894.515,964.465
239.088,894.646,982.444
239.737,903.382,993.648
240.386,902.153,1008.36
241.036,896.653,994.989
241.685,902.509,970.494
242.335,901.09,984.076
242.985,917.255,1007.1
243.636,908.561,996.046
244.286,902.07,978.372
244.937,914.862,1008.58
245.588,916.543,1001.7
246.239,911.3,992.495
246.891,923.569,994.418
247.542,926.271,991.183
248.193,900.836,990.793
248.845,906.658,1018.55
249.497,928.158,983.204
250.148,916.85,1011.37
250.8,932.202,983.388
251.452,920.042,990.205
252.104,894.989,1010.91
252.756,910.007,995.32
253.408,923.314,1040.89
254.059,931.061,998.791
254.711,915.791,959.049
255.363,917.878,988.329
256.015,910.32,1012.45
256.666,912.453,999.031
257.318,928.699,1017.92
257.969,923.113,955.195
258.621,915.023,982.038
259.272,901.703,1019.63
259.923,917.824,999.73
260.574,918.118,1032.77
261.224,927.469,994.616
261.875,923.794,969.322
262.525,904.651,996.074
263.175,913.657,1004.79
263.825,908.719,1031.71
264.475,919.634,1016.76
265.124,922.72,937.913
265.773,908.657,983.276
266.422,906.02,1007.66
267.07,907.681,985.616
267.718,915.022,1006.33
268.366,923.406,982.28
269.014,910.883,956.333
269.661,884.712,995.259
270.307,909.376,998.752
270.954,907.463,1026.58
271.6,907.979,990.379
272.245,919.077,973.621
272.891,902.518,972.202
273.535,894.531,991.494
274.18,900.791,1007.81
274.823,910.661,1002.79
275.467,910.791,942.663
276.11,892.072,955.998
276.752,891.204,996.055
277.394,895.095,982.933
278.035,894.58,995.961
278.676,907.957,942.946
279.316,882.998,953.131
279.956,884.863,988.24
280.595,889.712,974.602
281.234,886.196,990.776
281.872,897.578,922.22
282.509,892.541,928.164
283.146,876.213,986.637
283.782,879.113,960.798
284.417,880.828,998.273
285.052,902.248,965.339
285.687,887.73,893.705
286.32,871.829,953.568
286.953,878.107,984.796
287.585,870.252,975.511
288.217,877.556,960.541
288.847,876.717,963.948
289.478,873.751,962.196
290.107,871.365,957.869
290.736,871.735,961.132
291.363,880.231,978.001
291.991,871.004,930.634
292.617,874.024,912.901
293.243,860.741,970.458
293.867,865.188,949.741
294.491,866.778,962.251
295.115,875.892,933.654
295.737,871.975,922.111
296.359,849.971,926.266
296.98,862.051,960.806
297.6,857.994,956.811
298.219,860.292,934.837
298.837,865.059,922.145
299.455,845.891,895.631
300.071,850.913,949.936
300.687,858.895,946.579
301.302,848.714,953.177
301.916,863.866,936.853
302.529,841.541,878.608
303.142,854.109,932.733
303.753,849.332,967.502
304.363,846.732,930.954
304.973,850.323,930.046
305.582,853.713,947.007
306.189,824.341,937.843
306.796,841.726,886.019
307.402,860.214,935.877
308.007,848.23,879.718
308.611,822.279,896.55
309.215,843.743,920.768
309.817,829.728,973.083
310.418,827.956,919.415
311.018,839.198,901.203
311.618,851.62,932.895
312.216,833.723,893.731
312.813,830.989,905.388
313.41,839.622,925.801
314.005,827.921,952.183
314.6,825.336,938.523
315.194,832.88,899.184
315.786,832.13,916.223
316.378,824.707,901.674
316.968,828.417,920.255
317.558,835.73,919.669
318.147,821.479,912.279
318.734,831.539,862.73
319.321,828.215,866.222
319.907,814.584,892.699
320.491,820.581,916.938
321.075,822.737,906.128
321.658,810.261,936.915
322.239,814.036,903.473
322.82,824.849,933.57
323.4,828.884,904.748
323.978,806.261,879.781
324.556,823.674,883.173
325.133,820.92,922.49
325.709,806.871,875.496
326.283,803.546,905.648
326.857,832.438,904.94
327.43,809.522,903.046
328.001,799.156,902.606
328.572,813.622,866.052
329.141,817.669,896.797
329.71,800.539,892.172
330.278,804.16,870.048
330.844,805.048,893.945
331.41,815.69,887.655
331.975,793.535,876.22
332.538,813.835,861.928
333.101,806.078,886.342
333.662,803.761,893.163
334.223,795.782,887.991
334.783,808.037,886.902
335.341,803.456,898.715
335.899,800.29,869.184
336.456,796.01,897.145
337.011,807.54,810.394
337.566,797.223,855.52
338.119,804.199,866.204
338.672,800.047,877.98
339.224,800.217,891.84
339.774,797.783,856.094
340.324,789.444,909.114
340.873,804.147,844.798
341.421,794.465,849.532
341.967,800.961,881.241
342.513,798.33,866.82
343.058,795.274,901.845
343.602,797.972,891.886
344.145,793.498,884.167
344.687,790.261,891.956
345.228,796.852,870.784
345.768,793.699,859.845
346.307,796.331,878.931
346.845,796.145,888.197
347.382,790.581,853.202
347.919,795.24,891.307
348.454,798.877,876.796
348.988,785.963,881.112
349.522,791.209,883.942
350.054,788.713,868.546
350.586,783.141,881.772
351.116,800.593,870.538
351.646,789.611,844.381
352.175,793.831,895.838
352.703,797.28,856.761
353.23,785.868,895.099
353.756,795.761,878.585
354.281,782.669,893.231
354.805,788.244,880.609
355.329,787.483,900.732
355.851,787.55,861.006
356.373,780.829,872.426
356.894,797.135,888.228
357.414,788.655,871.684
357.933,785.655,897.536
358.451,794.536,889.955
358.968,789.562,888.318
359.484,786.274,899.529
360.0,783.606,891.697
0.514709,782.441,851.917
1.02858,788.914,879.057
1.54161,795.336,870.838
2.05381,785.48,900.913
2.56517,795.643,895.841
3.07571,784.205,890.004
3.58543,781.824,898.368
4.09433,789.919,897.076
4.60242,785.102,887.295
5.1097,784.65,885.671
5.61618,798.812,884.057
6.12186,795.218,891.184
6.62675,792.036,902.966
7.13085,791.208,905.557
7.63416,796.047,902.56
8.1367,789.484,902.272
8.63847,788.38,884.61
9.13947,798.479,890.111
9.63971,796.841,902.257
10.1392,797.927,900.605
10.6379,791.025,906.71
11.1359,789.732,896.143
11.6331,795.967,904.065
12.1296,793.042,908.228
12.6254,798.989,880.108
13.1204,792.727,911.537
13.6148,801.873,888.553
14.1084,795.051,918.222
14.6013,792.552,910.489
15.0934,790.423,905.384
15.5849,792.214,893.847
16.0757,802.712,887.692
16.5658,795.162,905.714
17.0552,800.169,901.332
17.544,793.437,907.659
18.032,792.346,895.743
18.5194,801.858,893.243
19.0062,797.489,907.514
19.4923,800.947,885.801
19.9777,797.496,901.26
20.4625,800.395,889.454
20.9466,799.365,896.644
21.4301,793.957,910.782
21.913,803.684,905.898
22.3952,797.888,907.303
22.8769,794.375,895.452
23.3579,801.926,899.417
23.8383,799.219,921.482
24.3181,797.633,915.605
24.7973,797.008,910.691
25.276,798.479,906.62
25.754,803.247,893.646
26.2315,799.711,902.233
26.7083,804.157,910.551
27.1847,800.229,911.149
27.6604,795.59,899.16
28.1356,802.211,883.335
28.6103,803.899,918.742
29.0843,797.188,910.126
29.5579,794.424,882.534
30.0309,799.402,880.615
30.5034,801.138,912.893
30.9754,797.791,923.948
31.4468,795.191,893.799
31.9178,796.327,889.927
32.3882,803.399,899.185
32.8582,803.072,922.398
33.3276,798.001,907.561
33.7965,798.709,902.573
34.265,801.912,879.83
34.733,801.456,908.298
35.2005,802.883,916.956
35.6676,801.766,904.06
36.1341,800.465,894.917
36.6003,801.482,898.719
37.066,804.655,911.391
37.5312,802.115,912.286
37.996,800.919,900.972
38.4604,800.596,883.695
38.9243,803.697,910.793
39.3878,804.291,900.903
39.8509,803.324,901.332
40.3136,801.002,895.327
40.7759,804.622,902.546
41.2378,806.187,912.35
41.6993,801.296,893.929
42.1604,802.507,893.051
42.6211,807.114,917.837
43.0815,803.276,909.82
43.5415,797.718,884.487
44.0011,800.467,892.436
44.4604,806.011,907.164
44.9193,800.994,903.779
45.3778,798.907,900.172
45.8361,804.588,894.214
46.2939,804.778,913.948
46.7515,799.248,898.157
47.2087,801.164,879.396
47.6656,803.661,894.829
48.1222,804.573,913.077
48.5785,803.38,896.026
49.0345,799.051,886.188
49.4902,805.541,905.57
49.9456,805.916,910.933
50.4007,796.026,884.562
50.8556,795.207,890.002
51.3102,804.681,913.666
51.7645,802.965,914.798
52.2185,796.669,886.173
52.6723,794.284,886.833
53.1258,801.609,903.405
53.5791,802.033,912.35
54.0322,796.983,892.565
54.485,791.939,883.951
54.9376,798.026,888.127
55.3899,800.965,910.441
55.8421,801.151,906.539
56.294,796.439,882.309
56.7458,793.239,889.055
57.1973,795.357,891.404
57.6486,802.333,909.948
58.0998,802.318,910.552
58.5508,795.684,883.646
59.0016,793.208,874.464
59.4522,797.715,907.117
59.9026,800.968,916.968
60.3529,796.239,901.218
60.8031,793.849,880.419
61.2531,795.059,884.513
61.7029,799.808,909.343
62.1527,801.379,919.231
62.6023,797.577,904.291
63.0517,794.118,885.587
63.5011,791.974,894.223
63.9503,793.59,894.813
64.3994,798.591,903.832
64.8484,797.28,901.244
65.2973,790.558,894.39
65.7462,795.506,892.28
66.1949,797.276,900.586
66.6436,793.316,902.316
67.0922,790.623,896.923
67.5407,792.485,896.588
67.9891,795.207,900.458
68.4375,794.497,899.892
68.8859,789.771,885.47
69.3342,791.147,889.07
69.7824,792.659,889.471
70.2307,791.751,894.88
70.6789,789.823,892.365
71.127,789.893,886.274
71.5752,791.838,887.787
72.0233,789.891,897.653
72.4715,786.356,885.752
72.9196,789.902,881.824
73.3677,790.91,895.908
73.8159,789.184,904.041
74.264,786.287,893.405
74.7122,784.969,888.444
75.1604,785.686,891.723
75.6087,786.654,892.527
76.0569,786.061,885.456
76.5053,782.323,882.728
76.9537,781.028,884.853
77.4021,781.824,880.677
77.8506,783.864,879.417
78.2991,785.611,889.397
78.7478,784.023,882.696
79.1965,782.591,876.161
79.6453,783.056,876.773
80.0941,781.753,881.832
80.5431,779.533,875.273
80.9922,780.779,867.254
81.4414,780.589,867.888
81.8907,779.932,875.294
82.3401,779.234,874.962
82.7896,779.291,872.305
83.2393,779.554,877.617
83.6891,778.641,879.266
84.139,777.307,867.218
84.5891,777.104,864.127
85.0394,778.77,876.469
85.4898,777.282,884.972
85.9403,775.007,877.697
86.391,774.643,867.429
86.8419,774.614,867.533
87.293,772.774,868.844
87.7443,772.821,871.301
88.1957,772.585,869.681
88.6474,770.801,870.423
89.0992,770.882,868.538
89.5513,771.195,868.033
90.0036,771.71,872.21
90.4561,769.369,870.433
90.9088,767.906,867.652
91.3618,768.583,862.147
91.8149,767.724,865.401
92.2684,766.994,868.024
92.7221,765.471,862.751
93.176,764.486,861.742
93.6302,762.961,861.06
94.0846,762.455,857.042
94.5394,762.527,856.046
94.9944,761.269,857.373
95.4497,760.657,858.351
95.9053,760.175,855.94
96.3611,760.224,853.98
96.8173,759.685,856.563
97.2738,757.951,855.159
97.7305,757.264,853.978
98.1876,756.599,853.647
98.6451,756.125,849.484
99.1028,755.284,848.635
99.5609,755.842,850.563
100.019,755.524,850.229
100.478,754.016,846.067
100.937,753.112,844.836
101.397,752.076,845.585
101.857,751.005,844.332
102.317,750.265,845.805
102.777,749.422,845.111
103.238,748.928,842.361
103.7,748.208,837.823
104.161,747.204,837.196
104.623,746.291,837.999
105.086,745.588,837.841
105.549,744.637,836.233
106.012,743.606,834.66
106.476,742.819,832.77
106.94,742.463,830.749
107.405,740.956,832.232
107.87,739.698,830.437
108.335,739.092,828.679
108.801,738.414,825.619
109.268,737.407,822.945
109.735,736.195,820.71
110.202,735.523,821.071
110.67,734.483,822.018
111.138,734.5,819.428
111.607,733.943,816.782
112.076,732.602,818.476
112.546,731.801,820.462
113.016,731.02,824.159
113.487,730.051,825.387
113.958,728.732,823.14
114.43,727.789,817.853
114.902,726.549,816.886
115.375,725.637,816.292
115.848,724.835,816.141
116.322,722.725,816.682
116.796,721.626,815.348
117.271,721.071,815.674
117.747,720.564,813.379
118.223,719.69,808.508
118.7,718.573,806.397
119.177,717.458,804.624
119.655,716.632,805.399
120.133,716.337,808.443
120.612,715.069,807.498
121.092,712.527,803.479
121.572,712.867,801.677
122.053,712.267,802.515
122.534,710.908,800.322
123.016,710.305,797.209
123.499,709.104,797.661
123.982,708.508,799.244
124.466,708.096,799.525
124.95,706.81,798.49
125.435,706.307,795.154
125.921,704.833,790.459
126.408,703.773,791.605
126.895,704.586,792.428
127.383,704.132,794.656
127.871,702.743,796.366
128.36,701.24,792.752
128.85,698.396,787.053
129.34,700.805,781.733
129.832,699.807,787.535
130.324,698.447,788.531
130.816,697.885,785.956
131.309,697.106,786.583
131.803,695.43,782.663
132.298,693.769,782.103
132.794,694.426,780.66
133.29,695.075,782.243
133.787,693.873,783.492
134.285,693.078,780.702
134.783,691.231,779.892
135.282,690.086,776.859
135.782,690.97,770.061
136.283,689.224,767.858
136.784,689.132,766.869
137.286,687.471,772.874
137.789,688.302,775.818
138.293,686.323,774.875
138.798,685.421,774.375
139.303,683.604,771.453
139.809,680.768,769.971
140.316,678.12,768.602
140.824,679.643,767.48
141.333,682.581,765.993
141.842,682.577,769.367
142.352,681.403,768.581
142.863,680.282,765.698
143.375,680.227,765.602
143.888,677.642,760.55
144.401,675.102,759.638
144.916,671.563,761.726
145.431,671.748,766.656
145.947,674.148,774.402
146.464,678.057,772.923
146.982,680.749,762.262
147.5,679.434,767.231
148.02,677.611,767.03
148.54,678.394,762.544
149.061,676.702,760.985
149.584,674.432,759.677
150.107,674.958,756.964
150.631,676.849,747.217
151.155,677.388,748.855
151.681,676.459,752.016
152.208,676.018,749.23
152.735,675.461,748.027
153.264,673.917,742.219
153.793,672.469,746.011
154.323,671.369,749.481
154.855,669.318,752.902
155.387,670.021,751.096
155.92,670.855,743.423
156.454,671.1,741.638
156.989,670.397,750.485
157.524,672.491,758.961
158.061,675.568,753.119
158.599,675.231,752.268
159.138,675.183,761.473
159.677,675.108,764.882
160.218,677.033,765.922
160.76,677.721,764.507
161.302,677.24,761.503
161.846,677.132,754.765
162.39,678.237,740.354
162.935,680.659,735.275
163.482,681.108,738.143
164.029,681.881,748.808
164.577,681.667,754.793
165.127,681.426,760.657
165.677,681.861,759.676
166.228,681.974,762.241
166.781,683.771,763.944
167.334,686.456,753.657
167.888,685.991,762.081
168.443,686.764,756.341
169.0,687.698,773.098
169.557,686.679,774.543
170.115,688.216,768.404
170.674,690.587,772.517
171.234,689.55,767.923
171.796,692.254,772.796
172.358,694.171,776.721
172.921,691.744,773.718
173.485,695.655,773.894
174.05,695.486,779.109
174.617,694.503,783.703
175.184,697.905,778.649
175.752,698.155,772.016
176.321,699.314,775.945
176.892,702.102,786.771
177.463,702.804,788.938
178.035,701.813,786.655
178.608,704.522,786.4
179.183,702.558,794.926
179.758,704.751,784.885
180.334,707.003,800.604
180.911,705.825,804.019
181.49,707.302,799.686
182.069,707.581,805.098
182.649,708.051,795.73
183.23,710.811,809.123
183.813,712.365,803.515
184.396,711.68,809.179
184.98,715.024,799.792
185.566,714.625,819.469
186.152,714.201,818.652
186.739,715.101,793.922
187.327,720.601,811.837
187.917,721.918,812.211
188.507,719.395,824.952
189.098,726.534,812.151
189.69,727.87,821.348
190.283,726.764,815.909
190.877,727.564,821.698
191.473,734.029,803.325
192.069,729.701,804.757
192.666,735.357,821.855
193.264,734.453,813.921
193.863,740.52,816.104
194.463,741.422,812.896
195.063,746.009,820.342
195.665,744.252,795.895
196.268,741.201,808.288
196.872,754.635,827.456
197.476,750.255,825.834
198.082,751.552,810.547
198.688,753.81,843.341
199.296,763.368,847.522
199.904,756.442,830.669
200.513,757.02,852.242
201.123,767.004,819.77
201.735,763.046,831.657
202.346,770.886,860.17
202.959,773.122,828.789
203.573,776.54,832.126
204.187,779.633,871.7
204.803,773.654,853.995
205.419,785.108,865.412
206.036,778.957,881.999
206.654,782.356,854.94
207.273,777.972,873.272
207.893,796.127,872.177
208.513,786.31,875.403
209.135,792.848,879.141
209.757,798.307,887.033
210.38,796.416,853.133
211.003,793.509,906.51
211.628,807.986,862.333
212.253,804.067,902.176
212.879,806.066,901.924
213.506,808.587,875.237
214.134,806.997,890.393
214.762,819.68,911.524
215.391,812.681,890.778
216.021,816.242,910.944
216.651,831.434,892.109
217.283,826.533,880.184
217.915,821.89,927.612
218.547,831.825,875.258
219.18,824.429,935.868
219.814,820.413,931.992
220.449,829.805,902.413
221.084,841.813,932.373
221.72,841.071,912.19
222.357,836.104,911.874
222.994,853.508,920.538
223.632,850.893,947.197
224.27,841.112,905.809
224.909,839.265,954.052
225.548,873.337,918.721
226.188,855.225,911.942
226.829,849.364,937.892
227.47,868.244,939.193
228.112,860.144,985.448
228.754,853.913,956.571
229.396,865.98,942.389
230.04,880.892,936.884
230.683,873.925,948.713
231.327,866.091,933.761
231.972,874.036,992.476
232.617,872.66,978.574
233.262,874.969,971.492
233.908,893.631,961.089
234.554,890.597,976.641
235.201,882.345,931.787
235.848,886.407,992.797
236.495,897.486,967.805
237.143,890.082,987.655
237.791,902.773,972.034
238.439,892.42,1005.03
239.088,893.997,979.368
239.737,899.293,987.753
240.386,911.49,945.1
241.036,892.28,975.27
241.685,902.009,998.987
242.335,902.534,950.224
242.985,899.669,994.711
243.636,917.028,976.762
244.286,908.765,978.046
244.937,909.142,970.338
245.588,900.156,1005.1
246.239,912.387,978.907
246.891,909.365,1041.63
247.542,921.45,987.43
248.193,919.393,1017.72
248.845,932.602,970.484
249.497,900.326,1013.85
250.148,918.705,994.754
250.8,921.925,1014.79
251.452,927.562,1023.28
252.104,924.459,990.643
252.756,912.941,991.109
253.408,903.511,1014.69
254.059,913.123,998.029
254.711,925.699,1024.31
255.363,938.943,981.043
256.015,911.125,958.604
256.666,914.107,1008.3
257.318,906.888,1048.39
257.969,906.255,1020.41
258.621,921.438,1012.76
259.272,934.478,991.593
259.923,926.123,954.909
260.574,909.12,982.22
261.224,901.469,1013.91
261.875,899.414,1030.28
262.525,916.125,1038.9
263.175,926.007,975.219
263.825,921.758,947.202
264.475,909.885,989.16
265.124,896.468,997.178
265.773,901.581,1013.47
266.422,913.868,1019.76
267.07,921.708,954.39
267.718,905.385,950.089
268.366,896.344,999.619
269.014,909.366,996.568
269.661,908.336,1000.46
270.307,912.752,976.848
270.954,910.187,990.381
271.6,882.854,971.2
272.245,906.648,992.569
272.891,912.484,1013.03
273.535,904.253,959.974
274.18,909.851,960.352
274.823,887.568,981.526
275.467,889.533,985.269
276.11,900.586,993.202
276.752,907.81,999.154
277.394,896.224,971.688
278.035,881.405,970.688
278.676,896.394,991.14
279.316,900.393,971.805
279.956,887.477,976.533
280.595,898.898,941.909
281.234,878.632,951.487
281.872,873.142,992.881
282.509,890.518,988.001
283.146,891.915,958.37
283.782,901.558,936.359
284.417,881.664,953.801
285.052,868.682,963.64
285.687,866.344,994.114
286.32,887.225,982.039
286.953,889.009,922.454
287.585,866.347,914.875
288.217,876.033,970.353
288.847,877.434,934.931
289.478,857.824,980.999
290.107,879.757,929.296
290.736,874.219,961.568
291.363,870.175,968.903
291.991,856.286,968.002
292.617,871.429,930.015
293.243,881.539,963.884
293.867,870.634,885.807
294.491,845.887,951.378
295.115,860.331,978.323
295.737,861.253,972.026
296.359,859.281,927.674
296.98,871.753,927.648
297.6,861.434,890.422
298.219,843.813,946.849
298.837,851.766,955.606
299.455,854.595,939.112
300.071,865.035,956.766
300.687,844.041,916.408
301.302,832.773,922.051
301.916,854.235,924.57
302.529,851.186,945.746
303.142,844.837,952.135
303.753,845.817,883.734
304.363,853.474,907.881
304.973,826.92,926.195
305.582,834.602,915.618
306.189,848.371,918.573
306.796,854.255,939.582
307.402,824.154,878.955
308.007,839.677,913.808
308.611,851.575,977.184
309.215,829.768,911.749
309.817,826.645,908.953
310.418,856.874,954.003
311.018,826.313,920.042
311.618,824.123,911.419
312.216,843.909,939.513
312.813,833.982,961.464
313.41,819.068,916.341
314.005,827.765,925.276
314.6,843.959,929.868
315.194,818.991,891.939
315.786,826.975,906.53
316.378,833.799,918.839
316.968,824.054,889.381
317.558,817.517,925.681
318.147,824.796,899.856
318.734,822.107,920.829
319.321,816.267,888.39
319.907,816.398,900.337
320.491,832.427,869.785
321.075,819.089,901.467
321.658,820.296,881.607
322.239,817.592,901.897
322.82,808.728,915.548
323.4,806.093,898.195
323.978,812.221,893.278
324.556,821.496,897.908
325.133,810.981,880.665
325.709,817.489,895.399
326.283,810.294,921.549
326.857,796.205,896.811
327.43,798.313,916.24
328.001,824.261,910.823
328.572,810.197,903.824
329.141,805.391,870.819
329.71,799.497,871.691
330.278,819.861,900.849
330.844,801.828,885.52
331.41,792.86,868.532
331.975,809.795,885.05
332.538,802.271,897.83
333.101,799.234,899.566
333.662,802.993,880.684
334.223,792.036,863.844
334.783,806.8,879.821
335.341,803.598,880.778
335.899,799.598,902.294
336.456,799.326,904.526
337.011,793.162,879.826
337.566,792.244,883.292
338.119,796.487,865.815
338.672,799.941,878.971
339.224,796.395,885.997
339.774,795.818,880.221
340.324,801.871,872.048
340.873,794.899,892.991
341.421,794.181,837.774
341.967,789.808,847.243
342.513,807.117,865.551
343.058,797.617,861.333
343.602,792.179,888.378
344.145,795.732,885.109
344.687,793.395,864.365
345.228,797.706,858.138
345.768,788.666,851.037
346.307,792.217,868.246
346.845,799.176,884.923
347.382,788.401,870.417
347.919,796.451,869.88
348.454,790.677,853.381
348.988,790.825,848.683
349.522,787.48,841.92
350.054,790.287,884.7
350.586,792.758,834.849
351.116,781.863,899.456
351.646,793.211,890.528
352.175,788.929,881.635
352.703,783.301,883.388
353.23,783.053,863.255
353.756,783.497,883.894
354.281,798.211,859.948
354.805,788.795,838.909
355.329,790.26,882.278
355.851,798.278,853.324
356.373,787.936,881.33
356.894,788.875,880.44
357.414,782.589,862.448
357.933,781.653,877.389
358.451,789.194,880.68
358.968,781.96,881.468
359.484,788.034,869.181
360.0,778.405,902.443
0.514709,787.752,894.641
1.02858,781.106,892.993
