L_S,vl1,vl2
360.0,0.0,0.0
0.514709,946.819,1026.47
1.02858,949.047,1030.32
1.54161,946.547,1035.15
2.05381,944.267,1036.0
2.56517,943.198,1035.78
3.07571,939.286,1023.1
3.58543,934.74,1013.58
4.09433,933.522,1033.6
4.60242,932.017,1058.45
5.1097,937.661,1043.46
5.61618,932.649,1055.23
6.12186,937.05,1052.42
6.62675,939.539,1050.7
7.13085,941.614,1052.5
7.63416,941.545,1061.27
8.1367,939.761,1060.53
8.63847,941.529,1042.71
9.13947,948.315,1051.23
9.63971,944.044,1038.0
10.1392,943.325,1050.09
10.6379,950.761,1072.2
11.1359,944.495,1059.91
11.6331,942.428,1049.9
12.1296,950.484,1062.45
12.6254,943.057,1051.42
13.1204,941.995,1033.09
13.6148,948.359,1057.76
14.1084,948.095,1064.21
14.6013,942.059,1060.37
15.0934,945.323,1061.57
15.5849,950.118,1071.25
16.0757,941.605,1051.52
16.5658,943.943,1043.77
17.0552,953.223,1060.94
17.544,945.781,1063.26
18.032,941.469,1047.98
18.5194,945.976,1051.97
19.0062,942.14,1069.4
19.4923,940.513,1056.53
19.9777,944.575,1045.52
20.4625,947.328,1047.06
20.9466,944.187,1050.44
21.4301,942.029,1048.75
21.913,944.146,1044.95
22.3952,942.767,1049.67
22.8769,941.736,1047.99
23.3579,943.152,1040.01
23.8383,943.558,1048.59
24.3181,941.176,1043.43
24.7973,940.92,1044.19
25.276,939.853,1041.38
25.754,939.507,1053.21
26.2315,938.878,1054.37
26.7083,939.031,1052.59
27.1847,939.138,1053.2
27.6604,939.075,1054.2
28.1356,936.638,1048.15
28.6103,933.651,1032.6
29.0843,933.388,1023.35
29.5579,931.124,1026.86
30.0309,930.319,1024.92
30.5034,930.618,1025.99
30.9754,928.122,1023.29
31.4468,928.176,1025.78
31.9178,928.801,1024.07
32.3882,928.701,1033.12
32.8582,927.68,1039.29
33.3276,927.529,1044.92
33.7965,927.934,1044.72
34.265,928.194,1046.3
34.733,928.773,1046.33
35.2005,927.152,1047.02
35.6676,924.775,1047.63
36.1341,925.106,1043.69
36.6003,924.435,1036.16
37.066,923.284,1028.98
37.5312,922.258,1024.16
37.996,923.3,1019.05
38.4604,921.648,1025.05
38.9243,920.546,1028.15
39.3878,918.473,1023.8
39.8509,917.795,1024.38
40.3136,918.953,1024.69
40.7759,917.899,1024.68
41.2378,916.366,1025.21
41.6993,915.518,1022.77
42.1604,914.053,1018.9
42.6211,912.314,1013.16
43.0815,913.237,1012.33
43.5415,912.901,1013.07
44.0011,912.232,1015.28
44.4604,910.467,1017.36
44.9193,908.554,1014.42
45.3778,908.9,1009.68
45.8361,905.822,1005.84
46.2939,905.859,1003.71
46.7515,904.604,1003.55
47.2087,903.196,1005.35
47.6656,901.83,1005.49
48.1222,900.094,1003.25
48.5785,900.512,998.572
49.0345,898.637,998.106
49.4902,897.313,996.644
49.9456,895.854,994.051
50.4007,895.347,993.718
50.8556,893.539,998.076
51.3102,892.939,999.424
51.7645,892.251,996.463
52.2185,890.742,992.562
52.6723,889.528,987.548
53.1258,887.663,989.201
53.5791,887.025,993.005
54.0322,885.042,992.117
54.485,884.516,986.801
54.9376,882.798,986.325
55.3899,881.402,989.955
55.8421,879.734,988.48
56.294,879.223,983.213
56.7458,876.542,978.807
57.1973,875.704,976.005
57.6486,874.909,978.009
58.0998,874.324,980.118
58.5508,874.73,979.736
59.0016,875.175,979.387
59.4522,874.304,979.207
59.9026,870.873,981.767
60.3529,869.505,981.05
60.8031,867.672,982.225
61.2531,867.781,980.306
61.7029,867.717,975.766
62.1527,867.002,968.75
62.6023,864.5,965.318
63.0517,864.507,963.649
63.5011,863.476,957.052
63.9503,861.478,954.144
64.3994,861.002,957.24
64.8484,861.357,957.583
65.2973,859.686,955.91
65.7462,858.053,961.063
66.1949,856.533,962.904
66.6436,854.851,962.659
67.0922,852.651,960.423
67.5407,851.496,954.453
67.9891,852.153,948.71
68.4375,851.399,948.353
68.8859,850.549,950.159
69.3342,849.145,948.505
69.7824,848.191,948.446
70.2307,847.437,945.761
70.6789,847.009,941.986
71.127,844.574,938.297
71.5752,843.724,934.744
72.0233,841.584,934.025
72.4715,841.678,934.015
72.9196,839.876,932.055
73.3677,839.4,930.48
73.8159,838.01,928.836
74.264,836.798,928.32
74.7122,834.732,926.672
75.1604,833.348,925.286
75.6087,831.439,925.556
76.0569,830.325,924.759
76.5053,829.386,921.682
76.9537,827.735,916.955
77.4021,827.172,916.497
77.8506,825.949,915.427
78.2991,826.188,912.549
78.7478,824.395,910.674
79.1965,822.597,909.999
79.6453,820.714,909.312
80.0941,819.598,907.937
80.5431,818.066,907.031
80.9922,817.356,905.909
81.4414,815.19,904.514
81.8907,813.895,901.861
82.3401,812.287,901.311
82.7896,810.862,899.332
83.2393,809.916,896.507
83.6891,809.07,896.265
84.139,808.008,894.023
84.5891,807.192,891.501
85.0394,804.872,887.87
85.4898,803.785,888.198
85.9403,802.813,887.353
86.391,801.749,888.927
86.8419,800.652,889.239
87.293,798.789,888.148
87.7443,797.977,885.862
88.1957,796.123,882.722
88.6474,795.121,879.499
89.0992,793.371,877.516
89.5513,792.3,879.769
90.0036,790.556,878.951
90.4561,789.414,877.221
90.9088,787.423,877.464
91.3618,786.247,874.124
91.8149,784.937,872.504
92.2684,783.793,871.844
92.7221,782.716,869.64
93.176,781.484,868.255
93.6302,780.435,866.931
94.0846,778.628,866.031
94.5394,777.6,863.976
94.9944,776.093,862.701
95.4497,775.198,860.349
95.9053,773.237,858.329
96.3611,771.677,858.505
96.8173,770.087,856.089
97.2738,769.611,852.334
97.7305,768.224,849.883
98.1876,766.509,850.482
98.6451,765.097,849.372
99.1028,763.88,847.424
99.5609,762.485,846.341
100.019,761.544,846.352
100.478,759.917,845.316
100.937,758.285,844.994
101.397,756.81,844.421
101.857,755.34,841.406
102.317,754.603,840.662
102.777,752.638,838.177
103.238,751.72,836.145
103.7,750.503,832.598
104.161,749.394,834.044
104.623,747.777,835.161
105.086,746.944,832.989
105.549,745.843,829.48
106.012,744.431,827.541
106.476,742.998,826.778
106.94,741.548,826.487
107.405,739.754,825.631
107.87,738.676,823.632
108.335,737.364,822.301
108.801,735.581,821.402
109.268,734.689,818.562
109.735,733.386,815.643
110.202,732.053,816.749
110.67,731.08,816.485
111.138,729.992,815.797
111.607,728.857,814.171
112.076,727.295,812.936
112.546,726.418,808.642
113.016,725.265,804.282
113.487,724.141,805.4
113.958,723.137,805.997
114.43,721.658,805.897
114.902,719.874,804.486
115.375,718.298,802.066
115.848,717.434,799.715
116.322,716.8,796.918
116.796,716.205,796.234
117.271,715.01,797.959
117.747,714.153,796.067
118.223,712.583,797.439
118.7,711.103,798.62
119.177,710.156,799.866
119.655,708.435,801.054
120.133,707.657,800.522
120.612,706.524,798.198
121.092,705.053,796.617
121.572,704.662,792.25
122.053,704.291,789.668
122.534,702.906,786.994
123.016,701.677,784.606
123.499,700.878,783.617
123.982,700.842,782.113
124.466,700.577,783.598
124.95,699.452,785.142
125.435,698.858,784.605
125.921,696.583,782.219
126.408,695.598,780.382
126.895,693.86,779.039
127.383,692.476,777.437
127.871,691.854,776.408
128.36,691.571,779.707
128.85,692.796,777.6
129.34,691.289,776.115
129.832,690.047,775.215
130.324,689.659,774.937
130.816,689.064,775.169
131.309,688.911,774.163
131.803,689.321,772.138
132.298,688.13,770.812
132.794,686.597,766.197
133.29,684.303,767.01
133.787,682.588,768.658
134.285,682.328,766.512
134.783,681.952,766.54
135.282,681.175,765.795
135.782,681.173,767.641
136.283,680.656,766.896
136.784,678.883,761.859
137.286,676.088,760.093
137.789,677.071,762.141
138.293,678.566,764.931
138.798,678.825,765.866
139.303,678.542,767.13
139.809,677.028,765.033
140.316,675.181,760.64
140.824,673.724,758.27
141.333,671.706,757.277
141.842,669.857,755.294
142.352,668.264,755.012
142.863,666.818,766.985
143.375,667.105,766.881
143.888,673.256,750.785
144.401,674.983,754.362
144.916,671.961,757.123
145.431,669.699,757.215
145.947,669.058,758.695
146.464,670.119,760.922
146.982,668.087,758.209
147.5,664.561,751.597
148.02,662.844,746.62
148.54,668.977,748.185
149.061,667.849,750.16
149.584,669.801,741.89
150.107,669.859,728.486
150.631,668.096,736.087
151.155,667.55,732.26
151.681,667.677,737.251
152.208,668.2,755.361
152.735,666.482,752.431
153.264,665.655,744.028
153.793,667.632,750.076
154.323,667.14,753.497
154.855,667.357,754.566
155.387,667.819,750.545
155.92,667.454,743.708
156.454,668.703,738.909
156.989,668.26,737.441
157.524,667.959,735.125
158.061,668.29,734.217
158.599,667.76,733.321
159.138,667.504,729.474
159.677,667.981,728.558
160.218,668.656,724.889
160.76,670.337,729.134
161.302,671.443,736.711
161.846,671.115,746.487
162.39,669.95,753.542
162.935,671.255,752.096
163.482,673.214,753.677
164.029,674.073,745.777
164.577,674.831,746.333
165.127,674.243,751.831
165.677,674.087,752.024
166.228,674.495,752.597
166.781,675.602,757.811
167.334,675.372,758.217
167.888,674.973,753.671
168.443,679.038,752.85
169.0,678.223,758.358
169.557,679.322,756.95
170.115,680.357,752.324
170.674,679.69,755.754
171.234,680.494,759.99
171.796,682.144,765.18
172.358,681.543,768.946
172.921,682.784,767.934
173.485,685.138,760.193
174.05,686.804,761.653
174.617,689.456,776.873
175.184,688.473,769.867
175.752,689.112,761.622
176.321,690.64,781.805
176.892,691.737,777.967
177.463,691.845,767.818
178.035,694.01,780.885
178.608,696.056,776.006
179.183,695.594,789.002
179.758,697.946,787.134
180.334,698.122,783.651
180.911,697.921,784.578
181.49,700.805,788.1
182.069,700.336,791.563
182.649,700.876,799.55
183.23,702.185,798.459
183.813,702.328,795.436
184.396,704.411,800.013
184.98,703.857,790.413
185.566,709.746,802.992
186.152,709.324,801.796
186.739,709.254,796.976
187.327,714.695,800.431
187.917,712.476,811.233
188.507,714.592,813.425
189.098,716.934,794.258
189.69,720.922,806.53
190.283,724.929,799.404
190.877,719.978,823.354
191.473,724.206,814.578
192.069,729.37,809.124
192.666,726.595,804.673
193.264,731.198,795.399
193.863,728.765,813.742
194.463,728.612,816.789
195.063,737.449,812.696
195.665,736.089,814.412
196.268,741.405,794.905
196.872,737.484,808.005
197.476,754.214,811.281
198.082,745.673,824.458
198.688,754.411,816.742
199.296,751.44,827.008
199.904,749.762,798.441
200.513,757.688,801.525
201.123,755.509,830.485
201.735,759.782,826.151
202.346,758.802,832.861
202.959,763.709,812.988
203.573,774.074,840.565
204.187,772.044,840.535
204.803,772.314,796.557
205.419,777.3,863.342
206.036,785.019,859.079
206.654,776.992,837.857
207.273,775.021,844.533
207.893,785.767,851.169
208.513,786.449,848.283
209.135,788.443,873.619
209.757,801.088,863.843
210.38,788.122,869.594
211.003,794.819,870.146
211.628,796.108,876.949
212.253,800.276,890.026
212.879,799.957,887.732
213.506,807.101,875.361
214.134,799.683,889.827
214.762,820.051,885.664
215.391,810.655,878.646
216.021,811.936,902.028
216.651,817.876,869.852
217.283,815.031,887.88
217.915,818.449,908.203
218.547,826.21,889.312
219.18,830.612,928.832
219.814,822.496,911.925
220.449,823.822,889.161
221.084,829.368,913.706
221.72,841.783,900.798
222.357,831.83,895.225
222.994,847.902,917.585
223.632,844.948,927.9
224.27,843.423,950.225
224.909,848.679,915.538
225.548,852.077,910.921
226.188,855.845,928.787
226.829,852.048,938.305
227.47,862.995,935.485
228.112,863.527,965.522
228.754,858.299,944.521
229.396,867.068,968.382
230.04,868.017,941.49
230.683,863.32,931.026
231.327,878.141,964.663
231.972,885.848,981.133
232.617,864.009,951.529
233.262,879.618,945.137
233.908,893.581,1014.98
234.554,878.321,968.439
235.201,879.286,957.064
235.848,892.99,936.476
236.495,892.647,987.42
237.143,886.742,977.603
237.791,896.898,983.794
238.439,895.423,998.976
239.088,893.533,1002.36
239.737,901.481,978.533
240.386,894.514,984.622
241.036,904.239,970.698
241.685,906.621,1008.26
242.335,916.415,984.78
242.985,893.397,986.846
243.636,908.982,987.546
244.286,922.558,1005.04
244.937,915.709,983.09
245.588,907.927,1005.73
246.239,921.99,1021.37
246.891,904.828,996.354
247.542,909.357,1003.59
248.193,930.837,1020.96
248.845,927.131,986.003
249.497,917.768,986.714
250.148,909.591,1014.8
250.8,928.53,1011.3
251.452,920.142,1047.91
252.104,934.764,997.076
252.756,924.818,995.392
253.408,915.842,1020.0
254.059,914.341,999.208
254.711,920.754,1025.04
255.363,940.532,1032.3
256.015,925.813,970.425
256.666,913.467,1000.38
257.318,925.658,1031.81
257.969,919.443,982.62
258.621,925.838,1029.15
259.272,945.788,970.282
259.923,926.43,972.064
260.574,915.377,1006.69
261.224,913.357,1029.74
261.875,902.858,1065.51
262.525,921.525,1025.55
263.175,939.132,995.07
263.825,941.867,941.623
264.475,934.003,967.756
265.124,921.939,1019.73
265.773,894.148,1035.9
266.422,901.331,1053.48
267.07,932.884,1007.78
267.718,934.833,1003.34
268.366,921.629,945.159
269.014,925.514,975.439
269.661,918.897,1007.99
270.307,894.786,1037.31
270.954,910.041,1021.75
271.6,927.575,971.711
272.245,927.931,1016.45
272.891,920.489,975.757
273.535,912.963,979.874
274.18,919.86,1000.83
274.823,895.473,1022.38
275.467,901.146,1041.91
276.11,924.114,984.279
276.752,927.939,959.696
277.394,914.166,964.663
278.035,896.986,990.243
278.676,894.523,1017.33
279.316,901.569,1010.96
279.956,913.671,1024.48
280.595,920.872,929.947
281.234,901.148,954.406
281.872,887.692,996.809
282.509,899.732,999.435
283.146,906.765,1009.2
283.782,904.342,987.216
284.417,905.012,962.343
285.052,880.822,974.66
285.687,903.75,999.852
286.32,902.447,978.824
286.953,889.262,998.484
287.585,909.57,945.685
288.217,887.63,967.768
288.847,886.882,999.833
289.478,892.931,945.817
290.107,900.674,1008.0
290.736,902.584,958.368
291.363,888.423,939.073
291.991,893.29,1003.42
292.617,881.275,976.827
293.243,876.927,985.034
293.867,906.767,975.506
294.491,891.778,950.713
295.115,888.633,929.39
295.737,868.837,986.831
296.359,876.828,992.567
296.98,883.137,990.789
297.6,885.571,930.145
298.219,874.131,948.838
298.837,869.566,974.975
299.455,885.969,961.167
300.071,874.755,981.678
300.687,879.523,960.148
301.302,873.38,898.767
301.916,880.895,949.68
302.529,871.318,980.127
303.142,868.722,930.004
303.753,872.637,967.764
304.363,881.925,984.845
304.973,860.353,916.678
305.582,872.216,951.76
306.189,876.75,946.853
306.796,861.326,968.39
307.402,867.064,947.647
308.007,869.16,945.721
308.611,872.671,990.365
309.215,853.547,945.093
309.817,861.606,952.063
310.418,882.389,996.027
311.018,859.398,962.049
311.618,852.294,948.947
312.216,880.865,943.914
312.813,851.258,961.563
313.41,851.801,945.944
314.005,874.629,963.547
314.6,860.257,984.748
315.194,847.199,937.66
315.786,859.558,963.915
316.378,872.997,946.642
316.968,850.073,937.107
317.558,855.1,936.029
318.147,863.633,938.357
318.734,852.528,961.278
319.321,847.428,942.596
319.907,847.929,937.902
320.491,864.299,969.353
321.075,851.653,927.186
321.658,846.207,911.359
322.239,863.728,937.698
322.82,852.93,935.902
323.4,838.644,942.14
323.978,852.395,976.612
324.556,854.666,948.762
325.133,839.623,926.634
325.709,842.282,927.586
326.283,865.681,883.589
326.857,848.768,930.684
327.43,847.833,892.579
328.001,842.654,931.933
328.572,851.971,959.745
329.141,837.829,925.847
329.71,834.949,926.764
330.278,853.842,896.909
330.844,845.272,928.661
331.41,850.719,936.609
331.975,842.128,910.422
332.538,840.499,914.977
333.101,841.94,979.788
333.662,834.432,929.515
334.223,837.049,959.906
334.783,849.368,889.536
335.341,831.08,923.63
335.899,857.819,924.257
336.456,844.759,928.981
337.011,850.848,941.78
337.566,840.897,933.253
338.119,844.866,927.834
338.672,845.988,904.725
339.224,848.859,917.673
339.774,846.035,938.382
340.324,846.308,943.768
340.873,835.14,936.894
341.421,852.155,896.562
341.967,833.951,905.058
342.513,853.197,905.15
343.058,841.77,918.093
343.602,844.13,934.758
344.145,841.497,917.819
344.687,842.89,944.019
345.228,847.606,913.166
345.768,839.788,921.672
346.307,844.923,940.668
346.845,835.074,941.853
347.382,836.855,949.833
347.919,830.376,890.834
348.454,839.076,945.57
348.988,846.958,915.692
349.522,836.479,909.332
350.054,846.045,933.432
350.586,844.864,913.004
351.116,837.644,935.104
351.646,842.392,939.573
352.175,845.683,938.62
352.703,834.873,950.981
353.23,835.433,946.188
353.756,832.423,956.243
354.281,836.423,901.931
354.805,838.804,931.532
355.329,846.698,932.538
355.851,838.611,939.364
356.373,842.467,944.97
356.894,840.421,932.942
357.414,829.603,953.045
357.933,844.357,945.16
358.451,833.515,952.11
358.968,835.386,957.883
359.484,831.823,943.632
360.0,833.933,959.829
0.514709,837.409,932.966
1.02858,833.795,950.858
1.54161,833.921,961.667
2.05381,846.015,955.505
2.56517,835.045,969.211
3.07571,833.684,963.613
3.58543,833.599,964.12
4.09433,832.846,949.03
4.60242,846.059,944.724
5.1097,846.195,961.285
5.61618,840.788,958.847
6.12186,850.798,947.109
6.62675,844.445,976.263
7.13085,838.028,980.193
7.63416,838.254,949.176
8.1367,843.405,947.213
8.63847,850.942,974.929
9.13947,845.294,986.488
9.63971,840.774,963.996
10.1392,847.264,956.36
10.6379,857.662,966.148
11.1359,847.312,978.114
11.6331,842.52,974.426
12.1296,848.217,959.546
12.6254,850.414,981.509
13.1204,848.124,976.724
13.6148,849.539,957.908
14.1084,848.861,968.483
14.6013,857.463,962.756
15.0934,846.248,991.77
15.5849,845.609,966.204
16.0757,851.42,969.901
16.5658,848.67,955.771
17.0552,852.868,927.473
17.544,859.435,964.175
18.032,854.051,973.879
18.5194,851.248,963.635
19.0062,854.316,953.107
19.4923,854.624,962.571
19.9777,851.657,962.117
20.4625,854.603,945.981
20.9466,857.242,959.145
21.4301,854.919,964.59
21.913,854.92,944.177
22.3952,855.301,958.806
22.8769,853.673,965.572
23.3579,854.638,951.135
23.8383,854.759,951.669
24.3181,855.8,951.874
24.7973,857.71,957.925
25.276,854.164,953.934
25.754,856.305,967.071
26.2315,855.833,956.827
26.7083,857.925,950.485
27.1847,855.921,953.301
27.6604,855.985,943.867
28.1356,858.96,947.756
28.6103,856.459,952.811
29.0843,853.535,951.638
29.5579,855.629,939.059
30.0309,857.765,945.838
30.5034,857.773,960.064
30.9754,856.708,961.869
31.4468,853.177,948.901
31.9178,856.843,944.691
32.3882,858.674,970.982
32.8582,854.914,965.659
33.3276,851.192,958.262
33.7965,859.095,972.993
34.265,857.813,986.788
34.733,854.684,960.663
35.2005,853.574,954.917
35.6676,859.565,965.597
36.1341,856.0,955.089
36.6003,854.661,944.546
37.066,859.854,958.122
37.5312,861.291,965.844
37.996,854.061,946.609
38.4604,855.045,944.933
38.9243,861.14,955.308
39.3878,857.503,962.544
39.8509,855.723,965.151
40.3136,861.257,965.787
40.7759,857.66,957.169
41.2378,859.097,953.368
41.6993,861.121,953.439
42.1604,857.116,938.33
42.6211,860.523,953.775
43.0815,860.692,976.929
43.5415,850.759,944.494
44.0011,851.051,947.987
44.4604,860.226,971.733
44.9193,854.172,962.803
45.3778,854.171,948.848
45.8361,856.562,956.858
46.2939,858.345,952.283
46.7515,855.371,952.07
47.2087,857.224,952.179
47.6656,852.805,945.251
48.1222,856.608,957.745
48.5785,856.955,960.758
49.0345,850.141,949.858
49.4902,853.431,949.173
49.9456,853.487,950.256
50.4007,852.744,950.976
50.8556,849.646,948.446
51.3102,855.829,955.835
51.7645,851.142,949.063
52.2185,845.412,952.714
52.6723,852.596,954.165
53.1258,852.683,955.342
53.5791,848.697,949.764
54.0322,846.797,951.687
54.485,849.543,953.647
54.9376,848.138,956.147
55.3899,842.445,951.206
55.8421,842.349,948.593
56.294,845.623,953.507
56.7458,841.839,955.297
57.1973,842.085,951.839
57.6486,842.499,947.02
58.0998,841.162,947.743
58.5508,844.15,950.305
59.0016,842.58,951.694
59.4522,841.211,948.57
59.9026,841.815,950.944
60.3529,844.672,953.782
60.8031,839.63,950.799
61.2531,840.292,946.557
61.7029,842.589,947.717
62.1527,843.357,950.088
62.6023,841.515,948.143
63.0517,840.379,947.529
63.5011,839.364,944.445
63.9503,837.404,940.665
64.3994,838.062,937.769
64.8484,839.476,943.159
65.2973,840.384,944.856
65.7462,840.041,945.233
66.1949,838.008,942.959
66.6436,835.606,937.858
67.0922,836.85,932.844
67.5407,838.148,934.777
67.9891,837.566,940.893
68.4375,834.778,942.742
68.8859,834.413,940.017
69.3342,833.023,939.086
69.7824,834.236,938.561
70.2307,833.372,939.368
70.6789,831.546,938.949
71.127,831.424,937.216
71.5752,829.319,936.114
72.0233,830.167,932.474
72.4715,829.138,931.694
72.9196,828.391,932.414
73.3677,827.695,927.742
73.8159,826.549,925.905
74.264,825.381,925.794
74.7122,825.507,927.132
75.1604,825.365,925.559
75.6087,824.681,919.574
76.0569,824.485,919.482
76.5053,823.757,924.077
76.9537,822.281,923.954
77.4021,821.862,921.491
77.8506,820.613,918.507
78.2991,820.236,914.104
78.7478,818.559,911.701
79.1965,817.676,911.682
79.6453,817.489,911.459
80.0941,816.068,907.008
80.5431,814.9,903.572
80.9922,814.277,904.662
81.4414,813.75,906.063
81.8907,813.157,905.171
82.3401,813.188,899.781
82.7896,810.806,898.778
83.2393,809.64,899.327
83.6891,809.284,899.4
84.139,809.123,896.59
84.5891,808.253,895.33
85.0394,807.528,893.306
85.4898,806.358,894.506
85.9403,805.879,897.212
86.391,805.447,897.822
86.8419,804.236,897.147
87.293,802.917,895.923
87.7443,801.511,892.849
88.1957,799.591,890.006
88.6474,798.0,888.39
89.0992,796.424,887.994
89.5513,794.946,885.418
90.0036,793.896,882.467
90.4561,793.003,878.801
90.9088,791.658,877.908
91.3618,790.213,878.568
91.8149,789.965,877.76
92.2684,788.185,877.342
92.7221,787.463,876.706
93.176,786.653,875.645
93.6302,785.368,869.825
94.0846,783.429,866.44
94.5394,781.883,865.132
94.9944,780.763,867.332
95.4497,779.887,866.078
95.9053,778.255,864.478
96.3611,776.729,864.708
96.8173,775.102,865.348
97.2738,773.376,865.318
97.7305,772.198,861.504
98.1876,771.036,860.321
98.6451,769.739,857.487
99.1028,768.759,852.883
99.5609,767.651,852.651
100.019,766.168,851.577
100.478,765.861,849.813
100.937,764.993,847.452
101.397,763.837,847.315
101.857,762.228,848.666
102.317,760.365,848.428
102.777,758.382,846.267
103.238,757.503,845.025
103.7,756.33,843.308
104.161,754.822,840.153
104.623,753.407,838.557
105.086,752.06,837.052
105.549,751.567,835.806
106.012,750.672,833.871
106.476,749.496,834.773
106.94,747.996,832.877
107.405,746.978,830.667
107.87,745.511,826.792
108.335,744.313,825.425
108.801,742.874,825.567
109.268,741.306,826.07
109.735,739.56,824.544
110.202,738.351,821.088
110.67,737.681,818.666
111.138,736.088,815.525
111.607,734.608,812.922
112.076,733.79,812.07
112.546,732.726,817.116
113.016,731.052,818.813
113.487,729.451,818.947
113.958,729.087,814.997
114.43,728.745,811.285
114.902,726.922,808.214
115.375,725.384,809.32
115.848,724.683,810.424
116.322,723.83,810.624
116.796,722.911,811.89
117.271,721.677,810.915
117.747,720.473,805.58
118.223,718.978,800.056
118.7,717.906,800.069
119.177,716.783,798.971
119.655,715.755,798.9
120.133,714.688,803.15
120.612,713.867,805.442
121.092,712.571,807.76
121.572,711.536,806.759
122.053,710.274,803.146
122.534,709.14,800.483
123.016,708.514,795.508
123.499,708.298,790.905
123.982,707.717,790.44
124.466,706.946,795.5
124.95,704.5,798.59
125.435,703.954,798.178
125.921,703.243,797.067
126.408,702.885,794.617
126.895,701.993,793.328
127.383,700.581,792.365
127.871,700.977,793.722
128.36,699.476,796.317
128.85,699.291,797.712
129.34,698.517,792.658
129.832,696.061,785.244
130.324,694.907,776.598
130.816,694.627,778.328
131.309,694.221,777.778
131.803,693.753,772.477
132.298,692.98,776.104
132.794,693.114,775.852
133.29,693.416,779.287
133.787,691.054,780.658
134.285,690.375,774.218
134.783,688.861,777.87
135.282,689.066,776.534
135.782,687.737,778.592
136.283,688.346,775.313
136.784,688.805,766.581
137.286,685.443,766.001
137.789,683.621,768.009
138.293,685.062,771.56
138.798,683.943,773.467
139.303,682.964,772.303
139.809,681.99,765.459
140.316,680.389,760.385
140.824,677.787,760.775
141.333,676.857,768.181
141.842,680.068,765.694
142.352,682.482,765.398
142.863,682.039,766.547
143.375,681.502,766.996
143.888,680.894,765.578
144.401,679.924,762.676
144.916,678.629,760.316
145.431,678.059,756.985
145.947,677.234,755.52
146.464,676.57,756.829
146.982,673.94,758.274
147.5,671.686,757.198
148.02,672.2,755.004
148.54,672.476,749.032
149.061,669.837,748.012
149.584,669.989,748.631
150.107,672.746,746.731
150.631,673.307,745.296
151.155,673.011,748.315
151.681,673.693,747.463
152.208,673.179,748.782
152.735,671.891,759.561
153.264,669.304,760.184
153.793,669.365,760.306
154.323,672.933,754.133
154.855,672.38,745.68
155.387,671.997,734.621
155.92,672.948,730.921
156.454,673.061,733.595
156.989,674.582,736.068
157.524,673.687,752.034
158.061,674.19,764.953
158.599,676.037,769.443
159.138,676.023,768.293
159.677,676.562,762.52
160.218,676.906,759.063
160.76,677.847,746.82
161.302,678.612,741.079
161.846,678.235,745.333
162.39,678.935,750.699
162.935,679.69,753.601
163.482,678.644,759.392
164.029,679.37,756.576
164.577,679.609,750.423
165.127,681.458,757.779
165.677,681.095,758.032
166.228,681.823,761.628
166.781,682.836,760.272
167.334,683.354,756.969
167.888,683.351,758.171
168.443,684.981,761.52
169.0,685.432,767.427
169.557,686.297,760.364
170.115,687.296,768.186
170.674,687.531,767.259
171.234,688.492,769.631
171.796,690.519,765.923
172.358,691.592,776.26
172.921,692.194,772.68
173.485,692.665,776.981
174.05,694.525,774.186
174.617,694.389,773.99
175.184,696.529,773.995
175.752,697.495,781.99
176.321,697.855,776.03
176.892,699.365,781.276
177.463,700.117,782.105
178.035,700.517,788.27
178.608,702.29,785.899
179.183,702.478,799.477
179.758,702.555,798.064
180.334,704.223,787.416
180.911,704.406,792.542
181.49,706.46,793.366
182.069,706.038,805.326
182.649,707.195,804.576
183.23,708.177,790.785
183.813,707.561,816.206
184.396,711.161,809.456
184.98,709.024,816.388
185.566,712.886,803.724
186.152,716.134,818.744
186.739,715.298,808.879
187.327,714.523,815.086
187.917,716.662,801.31
188.507,724.733,816.859
189.098,722.411,803.329
189.69,723.875,819.889
190.283,725.75,813.483
190.877,725.07,801.849
191.473,732.851,817.994
192.069,732.517,812.124
192.666,730.485,815.448
193.264,738.944,795.821
193.863,736.14,837.69
194.463,742.17,814.512
195.063,739.237,816.731
195.665,753.297,822.258
196.268,744.127,832.221
196.872,742.389,822.109
197.476,751.44,807.516
198.082,750.979,814.509
198.688,754.994,834.694
199.296,755.8,819.773
199.904,757.288,843.192
200.513,768.973,818.626
201.123,760.504,844.519
201.735,763.354,852.523
202.346,767.91,842.319
202.959,766.913,824.15
203.573,774.103,868.443
204.187,778.037,849.662
204.803,777.106,863.281
205.419,779.659,875.145
206.036,779.979,873.64
206.654,779.389,845.259
207.273,783.912,882.239
207.893,793.847,858.577
208.513,785.341,877.083
209.135,804.183,884.298
209.757,797.332,861.427
210.38,794.132,869.355
211.003,805.44,889.543
211.628,797.915,878.307
212.253,807.132,883.627
212.879,805.775,907.612
213.506,814.992,894.57
214.134,809.297,880.251
214.762,810.46,902.368
215.391,816.273,904.183
216.021,819.541,891.856
216.651,815.501,872.033
217.283,822.052,910.191
217.915,833.643,882.184
218.547,823.455,923.919
219.18,832.142,903.332
219.814,832.602,908.316
220.449,835.914,944.831
221.084,831.004,911.657
221.72,833.815,930.256
222.357,844.614,938.505
222.994,840.965,938.8
223.632,844.576,905.545
224.27,859.343,966.172
224.909,864.582,944.387
225.548,846.079,932.823
226.188,854.722,922.765
226.829,857.335,943.337
227.47,860.288,955.236
228.112,860.58,934.133
228.754,865.076,976.205
229.396,878.361,947.298
230.04,859.27,946.912
230.683,881.976,937.561
231.327,878.638,999.046
231.972,865.826,947.641
232.617,875.646,987.011
233.262,896.403,993.254
233.908,873.808,955.825
234.554,882.146,951.977
235.201,906.75,1010.99
235.848,888.447,965.065
236.495,882.02,969.323
237.143,908.761,969.87
237.791,898.538,1001.36
238.439,885.75,976.012
239.088,898.191,1005.88
239.737,903.242,989.517
240.386,901.463,989.473
241.036,911.668,1004.45
241.685,916.425,987.328
242.335,890.459,972.346
242.985,909.433,985.817
243.636,913.787,1010.16
244.286,906.122,1009.87
244.937,914.606,985.232
245.588,918.011,1028.31
246.239,911.026,984.668
246.891,909.614,1003.28
247.542,932.438,993.69
248.193,924.461,1010.79
248.845,906.813,966.056
249.497,915.16,1031.05
250.148,919.015,1033.18
250.8,919.607,1015.26
251.452,930.764,991.915
252.104,941.51,991.047
252.756,914.46,997.174
253.408,912.732,1009.98
254.059,926.45,1013.63
254.711,928.082,1044.15
255.363,927.973,992.63
256.015,925.396,998.945
256.666,918.38,1004.23
257.318,919.416,1011.73
257.969,925.242,1025.72
258.621,936.241,986.435
259.272,923.806,1000.34
259.923,914.979,998.927
260.574,920.355,1016.72
261.224,913.439,1025.58
261.875,926.475,1016.41
262.525,942.319,990.217
263.175,923.553,933.25
263.825,918.358,1004.59
264.475,913.805,1033.77
265.124,908.164,1008.53
265.773,927.51,1023.52
266.422,933.093,966.343
267.07,927.163,972.011
267.718,909.029,1001.55
268.366,905.463,1027.12
269.014,912.702,1049.09
269.661,920.323,1018.94
270.307,925.112,951.315
270.954,913.856,993.433
271.6,913.345,996.943
272.245,911.126,1002.11
272.891,914.574,1023.26
273.535,919.232,978.813
274.18,913.366,959.708
274.823,911.23,1012.28
275.467,920.459,983.412
276.11,906.451,1016.08
276.752,922.975,962.94
277.394,907.543,1010.17
278.035,905.428,997.263
278.676,904.082,994.497
279.316,909.184,989.667
279.956,924.371,998.775
280.595,907.408,941.555
281.234,901.065,987.945
281.872,894.942,1030.04
282.509,896.003,980.345
283.146,908.622,994.083
283.782,914.304,932.281
284.417,904.75,934.643
285.052,881.445,984.057
285.687,886.97,1007.01
286.32,893.787,1034.34
286.953,902.208,1000.99
287.585,896.653,925.093
288.217,887.176,947.517
288.847,884.391,961.765
289.478,887.886,1002.48
290.107,893.203,1000.63
290.736,897.284,933.386
291.363,884.135,961.084
291.991,869.892,993.897
292.617,896.995,958.017
293.243,885.815,971.089
293.867,888.568,988.183
294.491,896.908,955.241
295.115,881.154,944.006
295.737,866.901,997.632
296.359,881.131,948.902
296.98,890.718,985.957
297.6,898.188,929.004
298.219,871.213,941.996
298.837,873.424,971.505
299.455,869.884,991.29
300.071,867.679,981.129
300.687,898.386,968.671
301.302,881.669,903.236
301.916,863.622,934.46
302.529,860.689,987.817
303.142,870.82,951.509
303.753,866.222,980.381
304.363,880.891,984.342
304.973,853.43,928.736
305.582,863.99,959.422
306.189,878.619,960.32
306.796,865.346,944.426
307.402,867.841,948.984
308.007,870.081,972.073
308.611,855.396,982.0
309.215,857.165,951.068
309.817,870.746,962.376
310.418,880.726,967.131
311.018,857.089,948.654
311.618,858.33,939.196
312.216,868.041,946.64
312.813,842.005,984.259
313.41,854.809,957.465
314.005,870.725,939.669
314.6,859.101,913.3
315.194,852.717,920.645
315.786,867.833,953.182
316.378,851.833,973.738
316.968,842.503,945.858
317.558,858.523,974.954
318.147,858.182,971.415
318.734,845.388,930.574
319.321,849.013,952.564
319.907,870.214,943.977
320.491,849.959,962.715
321.075,852.048,932.458
321.658,851.643,953.692
322.239,854.316,923.883
322.82,840.756,945.844
323.4,856.919,944.664
323.978,846.806,947.666
324.556,843.441,924.069
325.133,842.85,925.945
325.709,854.686,940.539
326.283,846.832,958.754
326.857,837.547,909.149
327.43,846.138,939.726
328.001,858.757,919.887
328.572,839.602,904.273
329.141,842.492,912.863
329.71,839.912,956.121
330.278,842.015,931.862
330.844,841.384,955.583
331.41,835.296,924.021
331.975,843.357,889.538
332.538,837.86,925.99
333.101,851.663,939.013
333.662,846.609,929.761
334.223,836.772,932.841
334.783,838.4,906.91
335.341,845.289,935.134
335.899,835.482,932.409
336.456,832.907,916.097
337.011,850.541,942.371
337.566,842.358,933.115
338.119,832.247,936.515
338.672,834.249,911.756
339.224,841.279,875.228
339.774,845.201,934.142
340.324,836.173,915.508
340.873,834.418,902.911
341.421,846.19,946.935
341.967,847.236,937.501
342.513,828.006,927.977
343.058,843.198,904.467
343.602,840.824,900.375
344.145,841.48,921.664
344.687,838.067,924.929
345.228,838.363,926.022
345.768,843.716,913.718
346.307,837.773,906.327
346.845,835.022,925.782
347.382,846.605,923.141
347.919,832.643,927.031
348.454,847.45,929.658
348.988,831.263,928.883
349.522,841.201,922.133
350.054,832.037,926.52
350.586,834.127,961.289
351.116,837.951,903.577
351.646,830.461,947.275
352.175,840.96,931.426
352.703,831.793,949.615
353.23,837.946,936.984
353.756,829.591,953.522
354.281,830.228,947.881
354.805,837.118,906.659
355.329,830.576,941.172
355.851,840.623,953.084
356.373,832.802,943.367
356.894,829.565,940.239
357.414,842.056,950.014
357.933,830.851,953.923
358.451,828.424,947.885
358.968,832.352,953.81
359.484,831.495,936.301
360.0,834.127,956.719
0.514709,833.153,924.719
1.02858,836.24,931.663
