#Cannot add temp
#Cannot add altitude
#Cannot add pressure
#Cannot add geopotential
#Cannot add theta
L_S,vl1,vl2
360.0,0.0,0.0
0.514709,918.342,996.023
1.02858,920.571,1000.11
1.54161,918.038,1004.89
2.05381,915.71,1005.73
2.56517,914.593,1005.32
3.07571,910.872,992.278
3.58543,906.804,984.49
4.09433,905.54,1005.05
4.60242,904.216,1026.8
5.1097,909.115,1011.09
5.61618,904.742,1023.84
6.12186,909.257,1019.52
6.62675,911.471,1022.06
7.13085,914.449,1018.16
7.63416,912.641,1027.83
8.1367,911.217,1025.04
8.63847,915.377,1022.77
9.13947,919.012,1013.77
9.63971,917.23,1009.82
10.1392,920.263,1008.77
10.6379,917.522,1027.18
11.1359,913.335,1031.3
11.6331,919.515,1031.26
12.1296,917.634,1046.43
12.6254,912.691,1029.38
13.1204,919.652,1021.51
13.6148,921.07,1039.31
14.1084,917.929,1030.94
14.6013,913.365,1018.65
15.0934,922.813,1037.31
15.5849,913.576,1040.03
16.0757,913.109,1021.9
16.5658,918.742,1028.93
17.0552,915.717,1010.45
17.544,916.612,1007.04
18.032,920.523,1025.02
18.5194,913.147,1028.84
19.0062,911.729,1019.12
19.4923,916.356,1020.79
19.9777,916.381,1006.61
20.4625,915.758,1007.35
20.9466,916.739,1027.46
21.4301,912.598,1017.69
21.913,911.048,992.553
22.3952,916.638,1012.88
22.8769,912.818,1022.59
23.3579,912.656,998.012
23.8383,912.078,1004.28
24.3181,913.442,1017.4
24.7973,913.013,1017.12
25.276,909.708,1010.54
25.754,910.041,1006.93
26.2315,911.777,1015.05
26.7083,910.842,1014.33
27.1847,908.239,1014.8
27.6604,907.428,1004.33
28.1356,909.301,1006.11
28.6103,907.034,1006.88
29.0843,905.547,1003.58
29.5579,903.053,998.938
30.0309,903.962,1006.29
30.5034,903.22,1005.12
30.9754,901.993,1010.31
31.4468,902.456,1013.12
31.9178,902.748,1013.5
32.3882,900.942,1015.6
32.8582,900.899,1014.59
33.3276,899.966,1009.19
33.7965,898.877,1005.9
34.265,898.726,1002.31
34.733,897.942,995.969
35.2005,896.558,991.05
35.6676,895.588,990.053
36.1341,894.831,994.595
36.6003,894.969,1002.6
37.066,893.715,1003.85
37.5312,892.128,1004.22
37.996,893.498,1005.9
38.4604,892.959,1002.96
38.9243,891.971,1006.1
39.3878,892.371,1006.54
39.8509,892.966,996.272
40.3136,891.018,988.374
40.7759,889.552,988.594
41.2378,888.22,988.622
41.6993,886.303,986.702
42.1604,884.472,986.497
42.6211,884.756,991.342
43.0815,886.224,993.525
43.5415,883.88,990.669
44.0011,881.307,987.869
44.4604,881.067,985.167
44.9193,881.668,980.66
45.3778,879.052,977.916
45.8361,876.301,978.633
46.2939,877.311,976.934
46.7515,876.247,974.512
47.2087,875.922,971.911
47.6656,873.887,972.68
48.1222,872.216,970.72
48.5785,871.863,967.293
49.0345,869.814,968.736
49.4902,869.027,967.502
49.9456,867.816,967.162
50.4007,867.098,964.063
50.8556,866.174,963.292
51.3102,864.896,961.564
51.7645,862.501,959.136
52.2185,860.191,964.224
52.6723,860.356,965.78
53.1258,860.72,962.522
53.5791,860.735,956.924
54.0322,857.862,956.131
54.485,856.912,958.796
54.9376,855.388,957.518
55.3899,854.237,953.398
55.8421,851.985,953.589
56.294,851.01,953.458
56.7458,850.011,954.08
57.1973,849.319,960.701
57.6486,847.917,959.072
58.0998,846.892,955.657
58.5508,847.274,950.228
59.0016,845.24,947.717
59.4522,844.888,950.838
59.9026,843.643,950.363
60.3529,842.577,946.036
60.8031,841.455,942.331
61.2531,841.716,943.697
61.7029,840.398,943.337
62.1527,838.411,937.621
62.6023,837.179,930.263
63.0517,836.152,932.168
63.5011,836.138,933.802
63.9503,834.718,932.137
64.3994,832.721,931.396
64.8484,831.264,932.467
65.2973,830.31,933.643
65.7462,829.448,931.612
66.1949,828.004,926.59
66.6436,826.483,920.37
67.0922,826.148,917.067
67.5407,825.196,916.326
67.9891,825.08,919.494
68.4375,823.553,919.384
68.8859,823.355,917.597
69.3342,820.807,917.203
69.7824,819.531,915.711
70.2307,817.871,915.375
70.6789,817.581,914.598
71.127,816.565,912.25
71.5752,815.589,911.283
72.0233,813.776,908.767
72.4715,812.563,903.859
72.9196,812.804,901.175
73.3677,812.143,899.517
73.8159,811.146,896.939
74.264,809.137,893.04
74.7122,808.664,893.653
75.1604,806.847,894.285
75.6087,806.609,894.473
76.0569,804.393,890.707
76.5053,802.906,890.778
76.9537,800.645,888.089
77.4021,800.284,886.332
77.8506,797.794,884.318
78.2991,796.982,882.496
78.7478,795.032,880.937
79.1965,793.793,882.862
79.6453,793.087,881.107
80.0941,791.747,879.155
80.5431,790.469,874.459
80.9922,789.415,871.724
81.4414,788.851,871.258
81.8907,787.233,870.392
82.3401,785.509,870.697
82.7896,783.329,867.989
83.2393,782.576,866.219
83.6891,780.162,867.78
84.139,779.762,864.951
84.5891,778.985,863.472
85.0394,778.473,863.027
85.4898,776.092,862.16
85.9403,775.178,861.571
86.391,773.825,860.65
86.8419,772.825,859.294
87.293,771.401,855.133
87.7443,769.722,851.936
88.1957,768.563,851.516
88.6474,767.021,851.193
89.0992,765.802,850.234
89.5513,764.387,848.877
90.0036,763.52,848.244
90.4561,761.544,847.409
90.9088,760.384,846.896
91.3618,758.53,844.914
91.8149,757.365,841.382
92.2684,756.016,838.681
92.7221,755.743,837.383
93.176,754.457,836.211
93.6302,753.218,836.14
94.0846,751.151,834.047
94.5394,749.443,834.944
94.9944,748.511,830.964
95.4497,747.478,827.692
95.9053,746.51,827.336
96.3611,744.335,826.152
96.8173,743.092,825.27
97.2738,741.54,823.988
97.7305,740.345,822.136
98.1876,738.788,820.286
98.6451,737.913,818.276
99.1028,736.409,815.918
99.5609,734.818,815.059
100.019,733.817,816.618
100.478,733.31,814.151
100.937,732.25,814.3
101.397,730.466,812.242
101.857,728.829,809.95
102.317,727.31,809.508
102.777,726.529,808.657
103.238,724.847,808.532
103.7,723.607,805.156
104.161,722.281,804.123
104.623,721.112,801.183
105.086,719.227,799.205
105.549,718.076,798.29
106.012,717.426,795.38
106.476,716.324,793.023
106.94,714.926,793.708
107.405,713.396,794.343
107.87,711.704,794.923
108.335,710.609,794.239
108.801,709.823,793.247
109.268,708.779,791.857
109.735,707.009,792.012
110.202,705.343,791.552
110.67,704.533,789.732
111.138,703.8,785.611
111.607,702.801,783.97
112.076,701.41,782.907
112.546,699.951,782.408
113.016,698.826,780.313
113.487,697.555,779.979
113.958,697.006,781.098
114.43,695.485,781.346
114.902,693.666,780.674
115.375,692.479,778.264
115.848,691.815,777.293
116.322,690.783,776.295
116.796,689.058,774.486
117.271,687.854,774.306
117.747,687.342,774.897
118.223,686.315,774.744
118.7,684.555,772.102
119.177,683.255,769.971
119.655,682.535,766.485
120.133,681.719,764.646
120.612,680.332,764.821
121.092,679.1,764.759
121.572,677.828,764.718
122.053,677.521,763.669
122.534,676.36,760.449
123.016,674.948,759.041
123.499,675.302,759.515
123.982,674.314,759.12
124.466,672.406,757.384
124.95,671.987,756.365
125.435,670.621,757.974
125.921,670.25,757.138
126.408,669.163,752.758
126.895,668.784,750.084
127.383,669.14,751.102
127.871,668.298,752.618
128.36,667.525,750.045
128.85,666.301,749.775
129.34,665.191,750.217
129.832,664.698,751.415
130.324,662.711,753.943
130.816,662.229,754.964
131.309,661.461,757.926
131.803,660.769,757.085
132.298,660.3,748.436
132.794,659.105,738.696
133.29,659.597,733.648
133.787,659.75,733.877
134.285,658.749,732.703
134.783,656.864,735.209
135.282,655.742,742.59
135.782,655.031,738.404
136.283,652.936,735.181
136.784,650.418,736.545
137.286,650.186,737.752
137.789,651.098,739.848
138.293,653.743,735.663
138.798,653.647,734.265
139.303,650.508,732.656
139.809,647.999,730.432
140.316,646.746,730.384
140.824,644.658,732.568
141.333,642.082,734.631
141.842,642.028,734.67
142.352,647.673,732.179
142.863,648.063,725.671
143.375,646.292,728.209
143.888,646.585,734.325
144.401,645.217,733.935
144.916,646.153,732.36
145.431,643.86,730.541
145.947,642.047,725.898
146.464,640.253,719.559
146.982,639.67,715.824
147.5,639.18,715.318
148.02,640.691,716.74
148.54,637.816,714.075
149.061,637.848,715.504
149.584,641.095,719.571
150.107,644.036,723.973
150.631,643.092,724.752
151.155,642.422,721.79
151.681,638.979,723.318
152.208,638.455,725.485
152.735,635.493,723.045
153.264,636.902,725.744
153.793,639.702,724.244
154.323,640.52,711.8
154.855,639.879,698.107
155.387,640.074,696.87
155.92,640.12,696.021
156.454,641.499,702.14
156.989,639.102,716.91
157.524,639.572,722.36
158.061,640.607,719.224
158.599,640.561,713.731
159.138,641.682,711.888
159.677,642.562,709.916
160.218,642.339,699.706
160.76,643.559,697.679
161.302,643.533,701.723
161.846,643.773,699.692
162.39,645.189,702.115
162.935,645.401,717.58
163.482,646.267,721.197
164.029,645.771,720.022
164.577,647.095,716.162
165.127,647.058,720.499
165.677,648.706,724.492
166.228,649.737,725.032
166.781,650.128,722.869
167.334,650.222,722.496
167.888,650.862,729.856
168.443,651.253,730.72
169.0,652.854,723.845
169.557,654.383,731.999
170.115,654.769,734.127
170.674,654.905,724.975
171.234,655.984,728.588
171.796,657.378,734.005
172.358,657.274,732.584
172.921,659.612,728.429
173.485,659.395,743.076
174.05,659.925,744.552
174.617,661.2,740.079
175.184,663.794,740.602
175.752,664.36,744.806
176.321,665.972,745.957
176.892,666.779,748.611
177.463,666.455,743.289
178.035,668.356,755.504
178.608,669.101,751.568
179.183,669.572,753.982
179.758,672.617,751.083
180.334,673.958,756.768
180.911,674.897,760.986
181.49,675.392,760.013
182.069,673.969,756.098
182.649,674.29,765.423
183.23,676.309,752.474
183.813,679.443,768.815
184.396,683.258,777.319
184.98,682.747,766.503
185.566,680.347,771.711
186.152,683.339,773.948
186.739,683.868,766.265
187.327,686.767,781.514
187.917,687.715,773.263
188.507,689.789,780.988
189.098,688.504,760.939
189.69,694.731,763.189
190.283,694.048,773.057
190.877,696.413,791.618
191.473,696.49,776.267
192.069,703.757,788.984
192.666,705.264,771.027
193.264,705.133,782.397
193.863,706.279,787.761
194.463,711.847,784.381
195.063,714.298,779.332
195.665,710.73,786.339
196.268,717.641,781.565
196.872,713.099,771.123
197.476,723.541,799.206
198.082,722.471,779.077
198.688,724.481,781.268
199.296,726.531,797.395
199.904,727.522,777.28
200.513,735.757,815.198
201.123,728.736,787.583
201.735,736.027,826.301
202.346,737.996,811.349
202.959,741.174,809.074
203.573,738.763,814.958
204.187,748.426,804.457
204.803,746.36,810.351
205.419,747.598,829.185
206.036,754.881,829.707
206.654,750.041,795.832
207.273,759.466,858.638
207.893,756.601,820.765
208.513,758.235,844.188
209.135,768.869,836.096
209.757,758.519,834.925
210.38,774.033,863.883
211.003,763.244,855.599
211.628,769.495,842.853
212.253,765.082,851.68
212.879,783.509,847.796
213.506,777.74,853.672
214.134,781.011,866.076
214.762,783.898,851.436
215.391,782.837,878.2
216.021,793.03,857.184
216.651,784.325,845.471
217.283,793.703,885.842
217.915,792.375,876.421
218.547,799.947,860.698
219.18,794.601,903.348
219.814,807.707,851.039
220.449,798.106,885.354
221.084,816.795,887.291
221.72,804.635,898.206
222.357,801.707,898.24
222.994,810.888,900.986
223.632,824.418,891.114
224.27,814.842,887.167
224.909,830.554,908.868
225.548,823.98,888.922
226.188,826.111,940.802
226.829,822.352,911.74
227.47,825.871,920.017
228.112,834.069,915.503
228.754,834.854,897.047
229.396,835.548,898.934
230.04,851.018,922.502
230.683,835.24,906.988
231.327,840.46,921.778
231.972,845.012,962.864
232.617,843.632,936.368
233.262,849.723,949.555
233.908,861.669,927.949
234.554,856.53,914.638
235.201,845.224,947.625
235.848,869.506,944.836
236.495,866.296,958.309
237.143,856.899,919.943
237.791,870.407,927.604
238.439,877.982,926.654
239.088,855.319,956.161
239.737,865.498,969.259
240.386,876.006,955.005
241.036,885.065,965.849
241.685,874.998,932.818
242.335,869.043,972.017
242.985,886.949,950.92
243.636,871.625,982.806
244.286,886.207,976.114
244.937,890.674,984.239
245.588,879.963,962.272
246.239,880.333,969.38
246.891,894.797,975.116
247.542,894.437,971.228
248.193,890.61,941.276
248.845,879.486,989.977
249.497,878.004,976.32
250.148,883.902,983.892
250.8,898.706,983.141
251.452,901.136,946.875
252.104,884.968,930.782
252.756,893.998,980.197
253.408,882.008,1003.69
254.059,885.949,991.615
254.711,896.846,966.711
255.363,907.301,954.633
256.015,875.698,952.052
256.666,889.406,975.401
257.318,900.621,1001.36
257.969,891.265,997.077
258.621,897.693,949.788
259.272,888.733,971.068
259.923,879.728,976.739
260.574,886.662,967.028
261.224,890.666,981.695
261.875,915.781,963.948
262.525,885.125,922.337
263.175,882.743,971.541
263.825,888.179,1009.09
264.475,870.079,1017.6
265.124,889.867,988.283
265.773,896.957,931.798
266.422,901.811,936.748
267.07,879.468,958.137
267.718,869.369,987.975
268.366,876.264,988.457
269.014,891.85,987.496
269.661,898.568,903.287
270.307,886.399,935.92
270.954,866.852,977.448
271.6,866.191,965.392
272.245,878.246,974.752
272.891,892.227,991.713
273.535,889.587,898.74
274.18,870.923,912.95
274.823,870.541,959.557
275.467,866.471,995.838
276.11,870.923,977.582
276.752,880.432,947.984
277.394,879.203,941.097
278.035,868.49,954.594
278.676,872.627,950.536
279.316,863.734,966.132
279.956,875.37,962.954
280.595,873.892,949.633
281.234,847.349,949.323
281.872,866.233,964.44
282.509,872.438,930.657
283.146,862.066,955.636
283.782,877.674,916.449
284.417,853.154,902.37
285.052,845.522,980.349
285.687,858.682,955.718
286.32,866.415,938.594
286.953,873.279,918.811
287.585,863.077,907.764
288.217,849.028,935.06
288.847,845.525,958.847
289.478,852.236,944.527
290.107,862.024,950.058
290.736,850.431,930.084
291.363,833.185,937.925
291.991,850.107,919.619
292.617,848.424,945.608
293.243,846.638,953.391
293.867,852.262,867.564
294.491,851.254,910.747
295.115,827.345,950.453
295.737,840.413,906.964
296.359,851.201,932.218
296.98,853.133,940.413
297.6,834.269,862.271
298.219,839.792,930.727
298.837,848.063,952.619
299.455,827.216,926.54
300.071,841.826,913.866
300.687,851.358,912.483
301.302,824.262,892.47
301.916,824.986,911.715
302.529,840.835,913.686
303.142,839.171,946.94
303.753,832.847,882.163
304.363,822.307,907.908
304.973,832.158,920.641
305.582,826.293,922.651
306.189,828.405,898.93
306.796,835.349,912.371
307.402,823.418,898.822
308.007,818.927,901.355
308.611,823.234,889.299
309.215,826.33,905.211
309.817,819.696,917.161
310.418,823.129,902.388
311.018,824.302,840.391
311.618,818.516,884.666
312.216,811.675,882.244
312.813,819.49,910.555
313.41,813.688,944.419
314.005,815.817,887.208
314.6,811.473,915.63
315.194,824.645,876.259
315.786,810.499,883.735
316.378,819.882,897.918
316.968,815.675,906.621
317.558,797.493,899.282
318.147,812.618,894.97
318.734,810.805,899.914
319.321,820.92,865.27
319.907,803.086,843.787
320.491,814.703,892.824
321.075,808.208,909.656
321.658,794.546,903.796
322.239,810.126,886.72
322.82,803.451,917.516
323.4,809.245,857.306
323.978,799.39,900.254
324.556,814.333,850.654
325.133,803.848,893.412
325.709,797.399,884.702
326.283,797.132,883.314
326.857,794.189,904.6
327.43,804.752,879.522
328.001,791.192,892.068
328.572,811.77,883.537
329.141,795.765,885.503
329.71,797.942,866.389
330.278,787.084,898.254
330.844,804.264,850.064
331.41,799.609,877.291
331.975,790.259,850.788
332.538,790.068,847.442
333.101,797.056,893.573
333.662,797.189,841.641
334.223,785.707,894.229
334.783,797.083,828.796
335.341,787.673,835.24
335.899,797.021,888.219
336.456,795.885,843.475
337.011,784.161,886.507
337.566,798.497,841.34
338.119,783.088,855.647
338.672,796.922,896.565
339.224,791.861,844.56
339.774,784.255,893.742
340.324,795.688,863.156
340.873,786.191,848.264
341.421,783.816,886.359
341.967,798.954,843.137
342.513,787.815,886.965
343.058,795.203,884.589
343.602,787.142,860.472
344.145,787.568,897.32
344.687,788.144,887.7
345.228,784.615,855.857
345.768,783.286,887.761
346.307,797.781,846.25
346.845,789.223,868.967
347.382,794.709,880.439
347.919,786.614,861.703
348.454,796.823,881.738
348.988,795.42,870.277
349.522,784.022,874.928
350.054,790.47,874.012
350.586,788.268,893.01
351.116,786.417,897.797
351.646,785.684,891.417
352.175,784.922,866.994
352.703,783.62,873.698
353.23,789.503,884.687
353.756,790.13,865.674
354.281,780.548,895.065
354.805,792.186,883.058
355.329,784.194,880.71
355.851,784.153,875.057
356.373,783.071,866.492
356.894,782.336,878.202
357.414,787.362,867.008
357.933,780.99,869.673
358.451,787.846,878.922
358.968,781.394,892.94
359.484,790.778,889.143
360.0,784.878,889.9
0.514709,785.494,891.368
1.02858,779.539,893.994
1.54161,781.629,875.78
2.05381,779.647,897.156
2.56517,789.464,869.432
3.07571,782.399,898.176
3.58543,791.108,903.954
4.09433,782.854,888.202
4.60242,780.494,903.802
5.1097,780.944,887.987
5.61618,783.944,899.509
6.12186,786.666,904.245
6.62675,787.498,902.548
7.13085,783.692,882.594
7.63416,794.082,865.849
8.1367,793.822,885.095
8.63847,796.794,894.437
9.13947,785.592,905.835
9.63971,789.136,888.851
10.1392,792.662,910.09
10.6379,791.488,903.157
11.1359,790.419,877.484
11.6331,794.275,907.094
12.1296,799.467,897.15
12.6254,791.534,902.356
13.1204,787.323,900.684
13.6148,792.995,896.681
14.1084,788.645,896.976
14.6013,797.255,884.162
15.0934,792.888,906.654
15.5849,793.388,897.876
16.0757,798.713,901.74
16.5658,792.236,901.687
17.0552,794.735,892.202
17.544,793.588,917.52
18.032,792.409,888.107
18.5194,795.864,887.953
19.0062,795.152,898.576
19.4923,799.132,909.127
19.9777,792.937,910.396
20.4625,792.165,894.129
20.9466,797.425,888.177
21.4301,799.001,903.625
21.913,799.284,917.044
22.3952,795.681,897.049
22.8769,797.503,887.715
23.3579,799.974,860.272
23.8383,800.269,903.857
24.3181,799.892,907.961
24.7973,797.229,901.541
25.276,797.402,913.941
25.754,802.208,905.209
26.2315,802.172,915.118
26.7083,799.479,897.73
27.1847,801.121,883.845
27.6604,809.389,905.092
28.1356,799.924,894.417
28.6103,797.598,888.229
29.0843,805.988,914.537
29.5579,798.183,908.627
30.0309,797.737,893.659
30.5034,805.966,915.695
30.9754,801.537,921.453
31.4468,797.547,888.404
31.9178,801.775,902.114
32.3882,804.759,925.169
32.8582,797.152,910.938
33.3276,794.749,882.657
33.7965,802.226,895.247
34.265,804.318,918.437
34.733,796.858,894.94
35.2005,796.693,882.347
35.6676,804.798,906.004
36.1341,800.599,895.801
36.6003,795.02,890.033
37.066,800.125,890.383
37.5312,802.972,914.278
37.996,797.754,906.427
38.4604,797.049,896.299
38.9243,803.548,904.553
39.3878,802.672,913.981
39.8509,798.771,885.175
40.3136,798.667,881.401
40.7759,804.767,902.118
41.2378,803.455,909.176
41.6993,796.705,889.117
42.1604,799.896,886.746
42.6211,805.921,896.631
43.0815,798.39,891.321
43.5415,799.714,896.924
44.0011,806.292,917.614
44.4604,798.559,897.047
44.9193,793.478,886.773
45.3778,800.074,897.847
45.8361,803.201,912.674
46.2939,797.274,894.09
46.7515,797.219,890.156
47.2087,804.681,910.002
47.6656,804.276,923.132
48.1222,795.683,882.891
48.5785,794.738,880.727
49.0345,799.24,904.065
49.4902,801.661,903.734
49.9456,794.965,892.556
50.4007,796.171,887.893
50.8556,804.582,907.186
51.3102,797.595,887.173
51.7645,794.388,892.637
52.2185,802.319,897.945
52.6723,801.991,894.73
53.1258,797.952,890.275
53.5791,800.182,897.425
54.0322,801.259,902.573
54.485,795.09,899.235
54.9376,795.519,893.514
55.3899,798.181,892.437
55.8421,796.442,893.663
56.294,794.629,896.326
56.7458,793.964,891.769
57.1973,797.911,891.506
57.6486,794.627,895.823
58.0998,791.199,893.995
58.5508,796.582,889.921
59.0016,798.258,895.078
59.4522,792.625,900.81
59.9026,791.555,898.292
60.3529,793.387,902.307
60.8031,793.939,905.085
61.2531,789.754,894.849
61.7029,790.012,887.59
62.1527,792.213,886.748
62.6023,790.333,894.291
63.0517,788.141,896.503
63.5011,785.908,897.779
63.9503,789.405,898.067
64.3994,790.218,891.173
64.8484,788.341,890.936
65.2973,787.611,892.771
65.7462,788.089,893.599
66.1949,786.147,887.781
66.6436,786.634,881.749
67.0922,789.647,883.833
67.5407,789.012,894.445
67.9891,785.004,889.334
68.4375,786.179,883.236
68.8859,789.208,884.536
69.3342,788.26,890.17
69.7824,786.036,888.498
70.2307,784.591,884.052
70.6789,785.067,880.168
71.127,786.243,883.831
71.5752,783.656,886.108
72.0233,783.029,884.495
72.4715,784.872,883.867
72.9196,783.991,884.566
73.3677,782.614,883.991
73.8159,781.357,884.604
74.264,782.316,884.565
74.7122,782.057,880.928
75.1604,782.599,885.711
75.6087,780.212,880.954
76.0569,778.791,878.645
76.5053,779.261,875.948
76.9537,779.294,876.733
77.4021,777.792,878.297
77.8506,777.384,878.157
78.2991,777.356,875.184
78.7478,776.744,872.027
79.1965,774.961,871.404
79.6453,774.145,872.061
80.0941,774.03,872.99
80.5431,773.86,870.346
80.9922,773.174,870.058
81.4414,773.291,874.109
81.8907,772.101,872.114
82.3401,769.868,868.141
82.7896,769.694,868.654
83.2393,769.213,866.034
83.6891,769.759,864.411
84.139,768.835,866.554
84.5891,766.596,864.967
85.0394,765.822,861.873
85.4898,764.997,859.703
85.9403,764.897,861.365
86.391,764.194,863.422
86.8419,763.872,857.646
87.293,762.817,855.825
87.7443,761.851,858.007
88.1957,761.273,858.903
88.6474,760.611,854.301
89.0992,759.759,850.367
89.5513,759.49,848.929
90.0036,757.997,850.475
90.4561,757.893,852.087
90.9088,757.388,849.405
91.3618,755.673,845.269
91.8149,754.663,843.065
92.2684,753.615,841.693
92.7221,752.951,842.697
93.176,752.113,842.917
93.6302,751.168,838.959
94.0846,749.486,835.65
94.5394,750.719,837.801
94.9944,750.509,834.771
95.4497,749.731,835.623
95.9053,747.951,836.664
96.3611,747.487,835.652
96.8173,746.727,836.644
97.2738,745.936,835.658
97.7305,744.253,830.574
98.1876,742.808,827.529
98.6451,741.647,829.701
99.1028,740.872,830.849
99.5609,739.891,826.058
100.019,737.793,823.742
100.478,736.48,821.302
100.937,734.842,819.235
101.397,733.375,816.65
101.857,731.948,812.605
102.317,732.126,811.833
102.777,731.71,813.5
103.238,729.734,813.984
103.7,728.521,812.497
104.161,727.439,808.997
104.623,726.746,808.025
105.086,725.765,807.18
105.549,724.053,806.492
106.012,722.458,802.618
106.476,721.457,803.508
106.94,719.086,802.665
107.405,718.244,797.548
107.87,718.752,795.201
108.335,716.414,796.834
108.801,715.098,798.548
109.268,715.227,800.357
109.735,713.993,801.613
110.202,712.872,801.142
110.67,711.885,797.792
111.138,710.931,794.592
111.607,709.97,791.352
112.076,708.613,793.271
112.546,707.361,794.71
113.016,705.281,795.441
113.487,703.921,791.499
113.958,703.708,784.914
114.43,702.676,781.349
114.902,701.381,779.797
115.375,700.269,779.997
115.848,698.895,784.101
116.322,697.773,785.051
116.796,696.356,784.362
117.271,695.155,784.421
117.747,694.047,784.037
118.223,693.273,781.646
118.7,692.168,777.643
119.177,691.033,772.065
119.655,690.164,770.92
120.133,689.998,771.029
120.612,689.078,771.58
121.092,687.761,770.285
121.572,687.442,773.229
122.053,686.918,773.625
122.534,684.287,774.993
123.016,683.784,773.269
123.499,681.604,773.07
123.982,680.592,773.45
124.466,680.42,771.079
124.95,679.261,768.429
125.435,678.784,764.45
125.921,678.72,760.988
126.408,677.335,762.551
126.895,676.811,760.019
127.383,675.146,759.746
127.871,675.296,761.268
128.36,674.582,762.439
128.85,673.293,762.069
129.34,673.443,761.824
129.832,671.872,765.185
130.324,671.459,766.833
130.816,670.639,766.417
131.309,669.159,762.658
131.803,669.297,752.602
132.298,669.402,744.834
132.794,668.545,744.381
133.29,666.343,746.748
133.787,664.675,749.797
134.285,662.637,749.428
134.783,662.478,748.326
135.282,662.96,743.367
135.782,661.769,744.11
136.283,659.32,744.546
136.784,659.185,738.193
137.286,661.049,739.155
137.789,662.02,743.481
138.293,661.738,743.165
138.798,661.965,738.925
139.303,661.305,741.909
139.809,660.699,744.337
140.316,657.984,742.167
140.824,655.921,740.597
141.333,654.594,735.158
141.842,655.34,736.281
142.352,654.93,738.869
142.863,652.166,737.585
143.375,649.651,734.84
143.888,648.617,737.788
144.401,648.867,734.691
144.916,651.552,728.235
145.431,651.505,736.178
145.947,650.455,736.206
146.464,650.421,734.797
146.982,651.694,735.227
147.5,649.547,738.3
148.02,650.102,729.613
148.54,650.544,732.233
149.061,651.445,730.211
149.584,650.515,727.935
150.107,650.098,728.966
150.631,649.353,731.543
151.155,648.732,729.868
151.681,648.113,724.096
152.208,648.285,723.565
152.735,647.675,720.041
153.264,645.32,717.449
153.793,644.41,719.106
154.323,645.846,715.318
154.855,645.496,710.303
155.387,646.079,716.952
155.92,645.443,728.631
156.454,644.231,726.011
156.989,646.942,724.818
157.524,647.249,723.647
158.061,647.013,717.708
158.599,647.726,718.546
159.138,648.083,722.725
159.677,648.89,714.301
160.218,651.421,712.295
160.76,652.009,706.178
161.302,652.275,702.826
161.846,651.473,713.338
162.39,653.131,715.694
162.935,651.808,722.299
163.482,651.577,726.453
164.029,652.539,726.635
164.577,655.161,727.008
165.127,655.204,727.196
165.677,656.793,732.677
166.228,656.015,730.762
166.781,655.973,731.915
167.334,658.658,729.67
167.888,657.779,736.137
168.443,657.607,735.857
169.0,661.062,734.143
169.557,661.566,735.331
170.115,661.175,739.705
170.674,662.417,742.686
171.234,662.943,735.953
171.796,664.583,737.404
172.358,665.461,745.54
172.921,666.502,746.3
173.485,667.127,739.266
174.05,668.7,745.443
174.617,669.649,745.73
175.184,670.418,750.711
175.752,672.057,749.551
176.321,672.356,759.675
176.892,673.227,757.373
177.463,674.702,748.633
178.035,675.906,755.049
178.608,679.861,760.167
179.183,678.932,761.239
179.758,678.071,765.751
180.334,678.138,763.603
180.911,678.349,774.537
181.49,679.417,764.477
182.069,680.095,771.644
182.649,680.274,766.12
183.23,682.255,779.139
183.813,684.059,773.012
184.396,685.694,768.197
184.98,686.611,785.622
185.566,686.378,776.089
186.152,686.756,785.831
186.739,690.048,767.721
187.327,691.567,782.877
187.917,697.302,781.937
188.507,697.451,783.269
189.098,696.175,792.038
189.69,696.453,771.381
190.283,702.634,777.572
190.877,702.99,781.524
191.473,705.478,791.073
192.069,703.34,798.398
192.666,714.147,768.756
193.264,708.779,767.627
193.863,718.24,795.432
194.463,714.258,774.409
195.063,718.889,776.532
195.665,717.799,781.691
196.268,722.806,811.625
196.872,717.982,777.801
197.476,722.36,815.943
198.082,734.053,768.596
198.688,731.213,767.845
199.296,734.79,795.0
199.904,740.716,793.76
200.513,737.748,801.541
201.123,737.98,828.764
201.735,740.779,814.394
202.346,741.939,793.559
202.959,746.33,838.163
203.573,749.794,807.84
204.187,748.571,828.611
204.803,751.917,838.447
205.419,753.383,802.818
206.036,749.372,819.266
206.654,766.568,837.311
207.273,762.003,805.779
207.893,762.761,854.102
208.513,769.423,823.232
209.135,767.271,819.022
209.757,768.503,866.161
210.38,768.02,832.658
211.003,772.05,877.909
211.628,771.248,868.803
212.253,779.221,855.475
212.879,774.156,849.161
213.506,790.369,862.58
214.134,784.25,862.44
214.762,783.453,859.625
215.391,797.774,888.65
216.021,790.332,851.665
216.651,788.346,890.197
217.283,807.312,861.001
217.915,798.631,884.691
218.547,791.467,887.412
219.18,796.215,877.542
219.814,804.889,901.993
220.449,806.149,901.16
221.084,807.172,880.042
221.72,812.867,881.922
222.357,827.943,902.177
222.994,817.446,900.757
223.632,813.795,894.824
224.27,824.296,901.54
224.909,820.933,901.027
225.548,815.862,901.662
226.188,839.974,900.603
226.829,828.243,914.756
227.47,827.726,901.391
228.112,841.706,897.095
228.754,842.069,933.4
229.396,826.703,894.331
230.04,832.097,944.415
230.683,855.13,917.952
231.327,835.389,925.512
231.972,845.365,936.714
232.617,863.067,910.357
233.262,849.973,918.977
233.908,851.621,917.579
234.554,862.227,976.533
235.201,843.178,942.696
235.848,852.474,952.067
236.495,877.511,943.87
237.143,857.265,944.545
237.791,860.62,933.236
238.439,873.213,979.329
239.088,872.337,945.794
239.737,866.285,972.144
240.386,889.198,946.387
241.036,877.389,954.016
241.685,863.441,950.947
242.335,876.724,990.778
242.985,886.731,974.771
243.636,883.332,949.001
244.286,885.108,950.542
244.937,890.278,969.38
245.588,868.665,964.128
246.239,880.741,983.15
246.891,896.962,934.334
247.542,888.072,980.518
248.193,882.807,974.127
248.845,881.192,949.038
249.497,892.747,990.033
250.148,892.961,987.312
250.8,888.172,950.403
251.452,899.83,980.208
252.104,890.984,979.577
252.756,881.116,973.786
253.408,901.167,990.52
254.059,910.242,964.095
254.711,887.55,939.285
255.363,885.083,989.803
256.015,879.419,1006.25
256.666,885.679,1001.14
257.318,898.078,982.099
257.969,902.534,959.948
258.621,887.994,963.055
259.272,885.166,972.801
259.923,885.642,999.604
260.574,886.809,979.5
261.224,898.409,955.531
261.875,902.035,947.078
262.525,889.179,963.673
263.175,880.85,974.292
263.825,881.012,970.166
264.475,889.738,969.625
265.124,903.167,967.377
265.773,892.873,939.647
266.422,881.184,976.956
267.07,872.418,975.157
267.718,871.088,970.334
268.366,901.439,975.775
269.014,887.627,919.198
269.661,887.572,932.912
270.307,867.997,988.139
270.954,865.668,973.271
271.6,884.499,983.105
272.245,887.559,974.593
272.891,894.582,896.846
273.535,878.727,934.273
274.18,873.546,968.309
274.823,858.965,996.786
275.467,873.222,990.941
276.11,889.702,936.056
276.752,884.097,922.782
277.394,869.164,934.337
278.035,852.746,953.02
278.676,862.389,978.244
279.316,869.146,957.78
279.956,874.599,953.474
280.595,881.601,933.529
281.234,853.408,932.866
281.872,859.556,950.72
282.509,867.344,946.402
283.146,863.625,982.222
283.782,869.146,919.652
284.417,876.196,905.592
285.052,838.47,947.371
285.687,854.664,944.237
286.32,857.188,967.521
286.953,862.769,937.601
287.585,863.239,922.988
288.217,856.814,908.853
288.847,842.22,956.57
289.478,851.562,923.955
290.107,852.965,953.913
290.736,862.748,934.414
291.363,843.282,885.162
291.991,835.967,928.911
292.617,855.335,934.942
293.243,842.112,940.19
293.867,851.579,915.776
294.491,848.367,922.137
295.115,826.486,949.621
295.737,843.258,932.786
296.359,848.035,935.492
296.98,852.185,927.449
297.6,837.613,884.369
298.219,847.656,907.873
298.837,816.573,971.837
299.455,825.852,927.109
300.071,845.521,925.795
300.687,852.221,882.507
301.302,826.686,873.027
301.916,831.765,914.62
302.529,837.08,918.057
303.142,819.417,945.091
303.753,829.094,913.253
304.363,836.123,907.034
304.973,815.314,888.252
305.582,825.612,907.669
306.189,835.099,902.36
306.796,827.571,925.444
307.402,821.958,880.701
308.007,815.149,899.896
308.611,830.919,925.706
309.215,819.359,886.648
309.817,816.143,860.637
310.418,834.822,919.576
311.018,816.402,863.107
311.618,807.564,909.646
312.216,814.323,947.376
312.813,808.737,920.25
313.41,817.738,891.011
314.005,828.893,900.627
314.6,816.984,874.138
315.194,807.602,883.739
315.786,814.034,911.601
316.378,810.275,892.118
316.968,804.285,924.449
317.558,820.392,875.044
318.147,800.689,870.585
318.734,820.077,885.6
319.321,813.326,880.429
319.907,799.857,900.423
320.491,809.381,910.714
321.075,805.854,891.068
321.658,798.311,885.796
322.239,795.534,891.954
322.82,818.068,828.163
323.4,805.444,875.107
323.978,806.159,863.794
324.556,800.429,912.435
325.133,800.823,912.817
325.709,791.26,896.02
326.283,795.621,868.057
326.857,800.977,881.047
327.43,807.588,869.529
328.001,795.181,839.097
328.572,793.789,865.468
329.141,799.438,858.25
329.71,796.388,873.245
330.278,787.763,896.899
330.844,793.773,875.235
331.41,790.106,901.051
331.975,800.619,852.512
332.538,783.028,863.049
333.101,803.719,866.85
333.662,797.357,858.84
334.223,792.708,888.136
334.783,791.984,874.626
335.341,785.168,853.384
335.899,789.566,853.148
336.456,792.659,824.435
337.011,789.495,870.691
337.566,800.49,856.16
338.119,788.789,826.283
338.672,795.461,880.17
339.224,791.655,886.016
339.774,782.844,863.499
340.324,782.021,901.671
340.873,791.582,851.096
341.421,786.75,883.593
341.967,789.6,875.03
342.513,785.138,855.016
343.058,787.976,888.205
343.602,794.315,894.022
344.145,785.553,850.98
344.687,782.99,885.123
345.228,796.208,845.381
345.768,782.896,856.042
346.307,799.061,874.504
346.845,788.942,865.558
347.382,794.908,887.684
347.919,788.54,876.619
348.454,787.783,889.573
348.988,790.196,871.842
349.522,780.361,874.049
350.054,790.459,872.222
350.586,781.835,893.074
351.116,781.456,893.104
351.646,785.076,884.078
352.175,776.99,852.34
352.703,783.511,895.025
353.23,789.874,858.138
353.756,779.153,870.704
354.281,789.816,871.203
354.805,785.923,811.628
355.329,777.977,848.066
355.851,798.658,851.055
356.373,781.948,872.38
356.894,788.178,893.158
357.414,780.041,875.113
357.933,780.149,891.826
358.451,785.908,893.482
358.968,780.178,882.813
359.484,774.835,903.596
360.0,783.239,865.939
0.514709,778.351,901.806
1.02858,786.134,879.566
9.96921e+36,9.96921e+36,9.96921e+36
