#Cannot add temp
#Cannot add altitude
#Cannot add pressure
#Cannot add geopotential
#Cannot add theta
L_S,vl1,vl2
360.0,0.0,0.0
0.514709,918.342,996.023
1.02858,920.571,1000.11
1.54161,918.038,1004.89
2.05381,915.71,1005.73
2.56517,914.593,1005.32
3.07571,910.872,992.278
3.58543,906.804,984.49
4.09433,905.54,1005.05
4.60242,904.216,1026.8
5.1097,909.115,1011.09
5.61618,904.742,1023.84
6.12186,909.257,1019.52
6.62675,911.471,1022.06
7.13085,914.449,1018.16
7.63416,912.641,1027.83
8.1367,911.217,1025.04
8.63847,915.377,1022.77
9.13947,919.012,1013.77
9.63971,917.23,1009.82
10.1392,920.263,1008.77
10.6379,917.522,1027.18
11.1359,913.335,1031.3
11.6331,919.515,1031.26
12.1296,917.634,1046.43
12.6254,912.691,1029.38
13.1204,919.652,1021.51
13.6148,921.07,1039.31
14.1084,917.929,1030.94
14.6013,913.365,1018.65
15.0934,922.813,1037.31
15.5849,913.576,1040.03
16.0757,913.109,1021.9
16.5658,918.742,1028.93
17.0552,915.717,1010.45
17.544,916.612,1007.04
18.032,920.523,1025.02
18.5194,913.147,1028.84
19.0062,911.729,1019.12
19.4923,916.356,1020.8
19.9777,916.382,1006.61
20.4625,915.757,1007.35
20.9466,916.738,1027.45
21.4301,912.6,1017.67
21.913,911.049,992.529
22.3952,916.638,1012.89
22.8769,912.822,1022.65
23.3579,912.652,998.102
23.8383,912.089,1004.25
24.3181,913.437,1017.28
24.7973,913.028,1017.03
25.276,909.722,1010.5
25.754,910.015,1007.31
26.2315,911.916,1015.17
26.7083,910.753,1013.71
27.1847,908.29,1013.73
27.6604,907.615,1004.42
28.1356,908.818,1006.64
28.6103,907.225,1005.19
29.0843,905.733,1003.36
29.5579,903.445,996.469
30.0309,903.363,1008.14
30.5034,903.369,1011.66
30.9754,901.953,1013.89
31.4468,901.151,1013.25
31.9178,902.546,1005.5
32.3882,901.569,1002.25
32.8582,899.98,1007.07
33.3276,900.173,1006.1
33.7965,899.32,996.828
34.265,898.647,997.471
34.733,899.233,1002.65
35.2005,897.357,1010.33
35.6676,895.92,1012.38
36.1341,894.996,1007.12
36.6003,895.691,1005.78
37.066,895.545,1009.38
37.5312,895.628,1009.84
37.996,892.41,1003.6
38.4604,891.525,997.921
38.9243,891.718,992.748
39.3878,891.593,993.27
39.8509,889.997,997.727
40.3136,890.635,1000.68
40.7759,889.182,998.482
41.2378,887.192,995.707
41.6993,886.949,992.874
42.1604,885.893,987.466
42.6211,884.677,985.991
43.0815,884.006,986.391
43.5415,882.865,984.312
44.0011,882.496,983.882
44.4604,880.937,982.852
44.9193,880.681,978.974
45.3778,879.895,976.258
45.8361,877.819,977.808
46.2939,877.314,977.306
46.7515,874.43,974.799
47.2087,875.127,972.051
47.6656,874.062,971.521
48.1222,872.421,970.842
48.5785,871.239,968.933
49.0345,869.843,965.009
49.4902,870.432,963.932
49.9456,869.026,968.713
50.4007,867.809,969.086
50.8556,865.221,970.932
51.3102,863.951,969.148
51.7645,862.745,962.468
52.2185,861.891,960.844
52.6723,861.233,959.281
53.1258,859.881,957.044
53.5791,858.923,955.525
54.0322,857.523,959.905
54.485,857.518,958.723
54.9376,855.691,955.58
55.3899,854.523,950.134
55.8421,851.249,946.826
56.294,850.301,950.674
56.7458,848.298,953.032
57.1973,848.721,946.041
57.6486,849.901,942.226
58.0998,849.56,949.988
58.5508,848.377,951.727
59.0016,845.901,952.513
59.4522,844.408,953.596
59.9026,843.644,951.434
60.3529,843.975,944.367
60.8031,841.805,937.147
61.2531,840.533,936.432
61.7029,839.68,937.103
62.1527,838.708,936.015
62.6023,836.361,936.115
63.0517,834.648,937.104
63.5011,833.775,935.306
63.9503,832.684,935.989
64.3994,832.328,936.435
64.8484,831.412,934.322
65.2973,830.602,931.629
65.7462,830.182,929.062
66.1949,830.088,924.238
66.6436,828.264,918.115
67.0922,827.382,914.591
67.5407,825.283,913.417
67.9891,823.977,918.002
68.4375,822.834,920.682
68.8859,822.459,921.289
69.3342,820.819,918.946
69.7824,819.877,917.348
70.2307,817.82,915.885
70.6789,817.487,908.634
71.127,815.815,903.34
71.5752,814.686,901.476
72.0233,814.599,904.568
72.4715,814.513,904.474
72.9196,813.061,902.601
73.3677,811.259,899.04
73.8159,810.34,896.693
74.264,808.561,898.713
74.7122,808.039,896.646
75.1604,806.804,895.764
75.6087,805.663,896.349
76.0569,803.271,896.836
76.5053,802.624,895.112
76.9537,800.456,893.489
77.4021,799.543,888.132
77.8506,797.964,885.753
78.2991,796.791,882.136
78.7478,794.94,882.668
79.1965,793.919,881.657
79.6453,793.445,881.585
80.0941,792.648,879.759
80.5431,790.473,877.097
80.9922,788.538,876.49
81.4414,787.905,873.461
81.8907,787.027,872.508
82.3401,786.405,870.493
82.7896,783.937,867.376
83.2393,782.879,867.243
83.6891,781.794,865.051
84.139,780.835,865.408
84.5891,778.495,866.601
85.0394,778.299,867.749
85.4898,777.059,866.314
85.9403,775.858,862.906
86.391,773.997,859.634
86.8419,772.535,858.001
87.293,771.169,856.701
87.7443,769.464,855.101
88.1957,767.909,852.867
88.6474,766.2,852.058
89.0992,765.471,851.815
89.5513,763.822,848.298
90.0036,762.923,844.945
90.4561,761.049,845.373
90.9088,760.528,845.175
91.3618,758.843,842.736
91.8149,757.869,838.531
92.2684,756.425,837.006
92.7221,755.372,835.305
93.176,754.241,837.481
93.6302,752.685,834.372
94.0846,751.49,833.121
94.5394,749.715,832.438
94.9944,748.428,830.266
95.4497,747.049,829.97
95.9053,745.826,829.502
96.3611,743.544,828.682
96.8173,742.419,826.428
97.2738,741.242,822.37
97.7305,740.309,820.192
98.1876,739.036,820.205
98.6451,738.361,819.525
99.1028,736.97,818.35
99.5609,735.212,819.366
100.019,734.07,816.368
100.478,732.834,812.056
100.937,731.619,810.318
101.397,730.331,811.601
101.857,728.997,812.622
102.317,727.285,810.762
102.777,726.0,808.341
103.238,724.204,806.401
103.7,723.132,804.55
104.161,721.627,803.492
104.623,721.032,804.653
105.086,719.35,802.945
105.549,718.386,801.356
106.012,717.159,803.002
106.476,715.89,799.7
106.94,714.423,794.974
107.405,713.094,792.359
107.87,712.25,790.169
108.335,710.913,789.642
108.801,709.042,790.542
109.268,707.649,790.79
109.735,706.747,790.191
110.202,705.694,787.909
110.67,704.325,787.645
111.138,703.111,787.026
111.607,702.396,786.131
112.076,701.249,786.374
112.546,699.381,784.173
113.016,698.36,782.046
113.487,697.341,780.837
113.958,696.456,781.079
114.43,695.174,779.909
114.902,693.864,778.308
115.375,692.411,773.81
115.848,691.398,772.348
116.322,690.499,771.902
116.796,689.491,772.151
117.271,688.006,774.898
117.747,686.463,775.49
118.223,685.733,773.704
118.7,684.442,771.483
119.177,683.244,769.412
119.655,681.547,768.754
120.133,680.722,767.633
120.612,680.322,767.517
121.092,679.774,765.597
121.572,678.793,765.494
122.053,677.711,765.133
122.534,676.708,763.055
123.016,675.521,762.788
123.499,674.4,762.628
123.982,672.87,762.168
124.466,672.315,762.488
124.95,672.222,761.93
125.435,670.044,762.425
125.921,669.664,762.523
126.408,668.934,756.296
126.895,668.226,755.166
127.383,667.241,753.26
127.871,664.887,748.541
128.36,665.067,745.247
128.85,665.383,743.815
129.34,664.108,746.165
129.832,663.733,751.705
130.324,663.095,751.431
130.816,663.022,743.662
131.309,662.411,740.709
131.803,661.271,743.536
132.298,660.413,744.008
132.794,659.257,743.707
133.29,659.342,742.541
133.787,657.024,746.975
134.285,654.419,751.839
134.783,656.244,751.365
135.282,655.351,749.359
135.782,655.456,742.188
136.283,654.0,730.413
136.784,652.79,732.464
137.286,651.051,734.863
137.789,651.092,730.849
138.293,652.998,730.85
138.798,650.559,731.981
139.303,648.403,728.266
139.809,646.501,731.152
140.316,644.22,735.07
140.824,644.2,735.695
141.333,645.25,736.255
141.842,646.033,735.068
142.352,647.526,732.497
142.863,647.892,736.71
143.375,646.788,740.727
143.888,646.385,735.554
144.401,645.653,728.709
144.916,644.374,728.839
145.431,642.832,729.798
145.947,640.835,724.326
146.464,636.266,724.845
146.982,637.586,725.874
147.5,638.066,726.407
148.02,637.686,729.836
148.54,637.127,731.887
149.061,639.24,726.467
149.584,640.987,716.88
150.107,641.901,709.271
150.631,640.957,705.598
151.155,638.634,708.448
151.681,637.629,715.75
152.208,638.08,720.05
152.735,638.182,717.879
153.264,639.103,716.392
153.793,638.782,708.285
154.323,637.679,694.34
154.855,637.404,695.823
155.387,637.046,717.954
155.92,637.126,716.975
156.454,637.663,710.76
156.989,636.245,716.408
157.524,636.837,724.59
158.061,638.405,724.705
158.599,639.553,714.718
159.138,638.74,702.243
159.677,639.566,703.589
160.218,640.883,712.033
160.76,641.929,705.246
161.302,642.641,700.081
161.846,642.128,706.317
162.39,642.967,712.038
162.935,642.688,715.223
163.482,642.934,718.815
164.029,642.671,718.555
164.577,644.649,715.446
165.127,644.72,709.117
165.677,645.222,707.829
166.228,646.119,713.759
166.781,646.257,719.373
167.334,646.054,725.427
167.888,647.103,722.36
168.443,646.95,729.628
169.0,648.072,728.865
169.557,650.127,723.048
170.115,650.507,730.064
170.674,650.986,722.699
171.234,652.8,721.81
171.796,652.177,736.991
172.358,653.621,733.126
172.921,653.973,724.707
173.485,653.423,730.779
174.05,655.519,728.577
174.617,655.868,732.721
175.184,657.165,737.92
175.752,657.715,740.134
176.321,658.457,742.913
176.892,660.326,738.853
177.463,661.204,736.334
178.035,663.265,736.533
178.608,664.49,750.057
179.183,665.583,739.794
179.758,665.15,752.712
180.334,667.028,753.976
180.911,667.233,750.611
181.49,668.654,752.5
182.069,670.822,742.521
182.649,673.733,765.159
183.23,672.988,761.016
183.813,673.345,766.84
184.396,674.908,755.589
184.98,674.224,766.519
185.566,676.437,763.715
186.152,680.729,775.506
186.739,679.696,766.873
187.327,685.364,758.831
187.917,682.907,772.862
188.507,682.89,768.571
189.098,690.715,779.193
189.69,687.945,765.308
190.283,691.202,760.181
190.877,694.709,777.647
191.473,690.615,775.853
192.069,695.548,781.91
192.666,700.42,755.193
193.264,701.266,777.146
193.863,698.507,770.051
194.463,703.4,766.682
195.063,710.384,782.275
195.665,707.294,780.886
196.268,710.743,773.359
196.872,716.782,792.412
197.476,713.236,781.959
198.082,712.202,792.062
198.688,718.611,753.364
199.296,714.075,777.648
199.904,724.704,788.221
200.513,726.329,763.356
201.123,728.095,784.634
201.735,732.562,784.588
202.346,727.032,779.072
202.959,736.914,819.217
203.573,730.338,799.836
204.187,734.502,810.473
204.803,738.815,814.844
205.419,739.742,831.651
206.036,742.011,814.46
206.654,739.705,809.328
207.273,748.444,827.227
207.893,750.803,810.652
208.513,755.214,844.082
209.135,753.951,830.874
209.757,754.002,841.176
210.38,762.986,823.607
211.003,757.805,847.992
211.628,770.621,839.809
212.253,770.917,842.879
212.879,760.854,849.449
213.506,778.569,842.34
214.134,768.633,840.87
214.762,778.167,872.742
215.391,773.095,840.662
216.021,782.309,866.053
216.651,781.078,854.952
217.283,783.85,840.162
217.915,787.959,870.431
218.547,785.4,859.628
219.18,788.271,859.858
219.814,788.227,878.902
220.449,799.025,845.233
221.084,804.04,890.109
221.72,792.447,852.849
222.357,793.685,874.22
222.994,807.422,886.817
223.632,798.974,900.485
224.27,807.266,900.348
224.909,819.389,875.235
225.548,820.067,916.493
226.188,817.264,871.143
226.829,811.359,907.5
227.47,830.935,899.095
228.112,816.982,933.975
228.754,822.383,904.055
229.396,840.017,909.566
230.04,842.381,914.126
230.683,827.818,895.292
231.327,835.406,940.593
231.972,838.816,931.723
232.617,832.212,903.041
233.262,843.32,925.261
233.908,854.504,920.494
234.554,834.172,895.266
235.201,854.375,925.991
235.848,855.339,971.558
236.495,840.341,939.755
237.143,852.051,924.755
237.791,867.59,967.586
238.439,858.978,906.165
239.088,857.839,938.046
239.737,878.061,956.665
240.386,853.449,969.162
241.036,862.065,953.968
241.685,877.403,984.499
242.335,875.875,964.489
242.985,870.103,942.195
243.636,875.915,968.473
244.286,882.168,948.599
244.937,867.853,962.664
245.588,884.364,972.526
246.239,884.804,953.524
246.891,876.22,942.257
247.542,875.31,976.622
248.193,891.371,932.266
248.845,881.019,990.002
249.497,896.545,959.173
250.148,878.72,969.315
250.8,879.406,949.687
251.452,873.701,1007.15
252.104,895.207,978.641
252.756,897.602,987.487
253.408,900.245,913.24
254.059,876.463,966.966
254.711,888.474,964.76
255.363,882.065,1001.6
256.015,885.74,995.323
256.666,897.639,942.995
257.318,898.896,945.909
257.969,882.108,984.174
258.621,886.418,968.895
259.272,888.564,973.126
259.923,905.996,985.647
260.574,892.295,940.373
261.224,876.009,964.917
261.875,883.15,999.138
262.525,878.932,980.478
263.175,890.22,985.739
263.825,905.373,924.106
264.475,898.427,925.466
265.124,881.993,964.65
265.773,872.491,994.657
266.422,872.182,990.407
267.07,888.445,984.264
267.718,895.479,920.56
268.366,895.743,927.864
269.014,879.847,957.159
269.661,866.568,975.042
270.307,869.528,994.381
270.954,881.214,986.922
271.6,892.175,934.019
272.245,887.422,910.99
272.891,877.682,939.996
273.535,875.044,968.669
274.18,865.126,974.697
274.823,872.191,988.234
275.467,889.345,941.409
276.11,884.527,908.786
276.752,857.993,941.183
277.394,873.138,955.142
278.035,872.475,979.252
278.676,871.6,974.015
279.316,882.143,916.303
279.956,868.655,927.598
280.595,855.681,969.625
281.234,868.702,937.014
281.872,873.459,960.163
282.509,882.379,927.998
283.146,870.058,911.569
283.782,852.092,936.509
284.417,852.801,968.215
285.052,857.86,948.21
285.687,869.885,950.163
286.32,859.563,912.165
286.953,860.279,923.822
287.585,857.77,934.223
288.217,845.641,970.567
288.847,862.988,946.34
289.478,857.907,883.568
290.107,844.499,920.48
290.736,846.219,956.129
291.363,861.318,899.136
291.991,854.63,938.687
292.617,863.884,927.698
293.243,844.672,893.855
293.867,836.572,934.37
294.491,841.423,955.063
295.115,846.188,916.628
295.737,858.558,933.521
296.359,853.3,879.842
296.98,837.31,893.051
297.6,830.615,958.077
298.219,829.863,915.255
298.837,845.548,959.892
299.455,849.672,897.86
300.071,829.689,867.627
300.687,840.971,907.291
301.302,841.06,917.966
301.916,821.098,956.498
302.529,830.156,915.575
303.142,840.629,910.544
303.753,832.144,916.85
304.363,817.647,924.105
304.973,829.338,880.613
305.582,838.281,919.664
306.189,835.497,934.094
306.796,811.815,896.511
307.402,827.834,881.369
308.007,829.671,955.596
308.611,823.284,894.761
309.215,823.912,891.859
309.817,841.994,925.696
310.418,818.6,880.067
311.018,809.641,895.981
311.618,830.983,908.344
312.216,823.301,939.162
312.813,812.226,879.43
313.41,821.312,918.808
314.005,830.201,937.787
314.6,806.602,893.905
315.194,816.26,902.806
315.786,827.959,923.971
316.378,806.186,886.977
316.968,807.589,901.475
317.558,826.83,888.106
318.147,805.713,886.236
318.734,802.595,900.637
319.321,818.518,892.448
319.907,808.588,902.31
320.491,805.345,861.536
321.075,806.57,881.407
321.658,822.703,866.576
322.239,807.132,892.769
322.82,810.628,863.973
323.4,801.987,913.612
323.978,794.749,891.595
324.556,799.744,866.271
325.133,811.233,902.212
325.709,805.818,897.276
326.283,794.004,851.999
326.857,800.763,878.699
327.43,817.998,885.461
328.001,795.886,846.642
328.572,787.035,899.323
329.141,810.244,877.523
329.71,792.13,913.134
330.278,796.142,906.576
330.844,790.89,856.366
331.41,795.157,856.614
331.975,803.264,874.612
332.538,796.09,878.186
333.101,798.256,897.509
333.662,792.912,872.02
334.223,791.915,896.145
334.783,790.038,894.497
335.341,794.301,838.169
335.899,790.077,890.109
336.456,807.187,849.957
337.011,787.594,872.812
337.566,799.405,869.679
338.119,788.277,867.673
338.672,798.92,885.244
339.224,794.437,881.112
339.774,791.561,857.967
340.324,785.81,894.354
340.873,801.147,867.778
341.421,794.578,866.994
341.967,787.308,890.524
342.513,790.177,847.779
343.058,795.255,875.751
343.602,792.18,884.887
344.145,789.695,850.304
344.687,781.118,896.542
345.228,798.988,830.94
345.768,785.735,859.301
346.307,798.482,883.663
346.845,789.464,870.807
347.382,793.504,887.169
347.919,789.947,880.287
348.454,789.119,869.518
348.988,785.37,863.597
349.522,782.504,872.503
350.054,792.958,861.764
350.586,783.392,888.199
351.116,790.053,885.814
351.646,794.393,873.341
352.175,784.282,866.341
352.703,790.288,853.53
353.23,780.994,871.286
353.756,793.018,880.885
354.281,786.318,870.972
354.805,786.751,875.305
355.329,790.154,895.724
355.851,787.435,867.018
356.373,781.231,895.346
356.894,786.469,881.253
357.414,783.276,886.64
357.933,783.646,876.854
358.451,778.358,856.619
358.968,782.481,876.256
359.484,791.92,883.109
360.0,782.192,876.092
0.514709,781.258,901.64
1.02858,784.099,887.662
1.54161,785.391,901.932
2.05381,780.623,890.161
2.56517,780.205,899.079
3.07571,781.292,889.121
3.58543,787.526,897.644
4.09433,786.346,906.891
4.60242,787.244,889.232
5.1097,784.665,902.306
5.61618,787.549,886.378
6.12186,788.905,907.408
6.62675,787.805,899.062
7.13085,790.057,876.403
7.63416,793.188,891.526
8.1367,797.427,886.035
8.63847,787.492,905.895
9.13947,793.15,897.327
9.63971,787.761,915.371
10.1392,789.659,899.275
10.6379,789.523,897.037
11.1359,791.938,866.964
11.6331,797.408,893.299
12.1296,796.131,895.087
12.6254,797.889,893.511
13.1204,792.727,910.748
13.6148,787.672,886.582
14.1084,793.402,870.235
14.6013,796.641,910.115
15.0934,797.55,892.191
15.5849,794.855,881.207
16.0757,801.082,915.716
16.5658,793.108,917.979
17.0552,791.413,893.711
17.544,794.247,905.674
18.032,802.136,898.054
18.5194,795.826,909.978
19.0062,793.144,899.459
19.4923,796.673,888.956
19.9777,794.453,901.872
20.4625,803.969,889.752
20.9466,798.633,913.682
21.4301,793.692,901.001
21.913,799.16,893.854
22.3952,797.447,920.234
22.8769,796.869,899.083
23.3579,796.961,892.888
23.8383,803.059,881.74
24.3181,804.147,920.173
24.7973,796.32,905.141
25.276,798.382,898.554
25.754,805.38,912.473
26.2315,799.893,904.98
26.7083,797.452,897.478
27.1847,805.033,887.263
27.6604,801.513,903.237
28.1356,803.079,905.74
28.6103,801.578,899.532
29.0843,799.927,904.635
29.5579,804.384,904.911
30.0309,802.851,911.779
30.5034,798.301,903.089
30.9754,801.589,896.868
31.4468,805.975,914.773
31.9178,800.014,908.139
32.3882,796.402,886.028
32.8582,799.935,884.752
33.3276,803.225,913.285
33.7965,797.979,912.438
34.265,796.12,899.547
34.733,799.213,902.195
35.2005,806.414,912.055
35.6676,799.403,907.404
36.1341,795.75,882.952
36.6003,801.26,881.863
37.066,805.589,914.59
37.5312,799.483,917.229
37.996,797.973,883.853
38.4604,798.713,884.8
38.9243,803.146,908.913
39.3878,803.065,906.929
39.8509,800.72,893.104
40.3136,798.358,876.992
40.7759,800.592,893.062
41.2378,806.198,920.79
41.6993,796.175,900.088
42.1604,792.685,881.747
42.6211,800.166,891.152
43.0815,804.663,916.015
43.5415,798.231,901.287
44.0011,797.295,882.161
44.4604,801.642,892.957
44.9193,803.544,906.833
45.3778,802.371,901.489
45.8361,800.195,888.406
46.2939,803.043,891.581
46.7515,805.867,913.535
47.2087,799.048,887.505
47.6656,794.68,890.6
48.1222,803.527,901.595
48.5785,800.648,905.151
49.0345,796.045,889.461
49.4902,799.139,894.498
49.9456,803.424,906.735
50.4007,800.119,890.341
50.8556,800.404,885.704
51.3102,802.559,893.784
51.7645,803.331,898.609
52.2185,799.404,897.031
52.6723,800.762,900.864
53.1258,803.272,896.973
53.5791,797.459,894.382
54.0322,800.524,890.922
54.485,802.705,892.118
54.9376,798.587,892.091
55.3899,796.94,897.033
55.8421,802.052,898.011
56.294,800.383,897.263
56.7458,792.97,893.519
57.1973,791.866,893.87
57.6486,796.184,893.63
58.0998,796.328,905.135
58.5508,791.537,902.51
59.0016,791.841,896.097
59.4522,794.837,900.408
59.9026,795.76,904.567
60.3529,791.589,887.838
60.8031,789.864,884.954
61.2531,792.402,893.552
61.7029,790.731,894.171
62.1527,789.24,895.693
62.6023,790.43,903.102
63.0517,786.78,900.009
63.5011,786.669,895.002
63.9503,791.38,894.557
64.3994,789.863,886.723
64.8484,789.101,891.898
65.2973,788.887,892.776
65.7462,785.964,890.988
66.1949,786.606,889.433
66.6436,789.723,888.927
67.0922,788.757,888.664
67.5407,785.372,886.995
67.9891,786.143,886.893
68.4375,785.042,884.785
68.8859,785.968,885.147
69.3342,786.568,889.636
69.7824,785.214,889.858
70.2307,783.843,888.135
70.6789,786.167,886.755
71.127,785.138,886.42
71.5752,782.679,882.373
72.0233,782.204,881.672
72.4715,784.499,881.15
72.9196,785.992,884.645
73.3677,782.882,886.947
73.8159,781.076,882.082
74.264,782.876,879.715
74.7122,782.236,881.538
75.1604,781.364,887.271
75.6087,779.34,878.219
76.0569,779.31,875.952
76.5053,780.701,878.805
76.9537,778.783,879.75
77.4021,776.761,874.16
77.8506,776.414,873.555
78.2991,776.463,875.917
78.7478,775.43,875.258
79.1965,774.993,872.935
79.6453,774.741,871.498
80.0941,775.737,868.654
80.5431,774.952,868.934
80.9922,773.338,867.4
81.4414,771.349,867.882
81.8907,770.841,866.336
82.3401,770.125,866.282
82.7896,770.45,868.635
83.2393,770.271,870.629
83.6891,770.258,866.899
84.139,768.067,866.099
84.5891,766.482,864.1
85.0394,765.883,860.656
85.4898,765.945,860.071
85.9403,765.257,863.147
86.391,764.045,861.402
86.8419,762.801,861.158
87.293,761.867,860.0
87.7443,761.568,859.581
88.1957,761.289,851.214
88.6474,761.074,847.539
89.0992,759.267,846.274
89.5513,758.066,848.916
90.0036,757.716,849.572
90.4561,756.94,847.69
90.9088,756.136,846.087
91.3618,756.528,846.541
91.8149,755.654,841.348
92.2684,754.189,840.027
92.7221,753.072,837.58
93.176,751.73,837.61
93.6302,751.104,835.807
94.0846,750.797,837.176
94.5394,750.215,839.941
94.9944,749.373,841.44
95.4497,749.04,844.636
95.9053,748.077,841.995
96.3611,747.907,836.714
96.8173,746.43,832.316
97.2738,744.97,834.629
97.7305,743.648,835.952
98.1876,742.153,835.224
98.6451,740.397,832.376
99.1028,738.765,830.193
99.5609,738.105,829.054
100.019,737.753,824.137
100.478,736.121,817.318
100.937,734.457,812.97
101.397,734.19,815.068
101.857,733.673,818.695
102.317,732.945,816.853
102.777,731.625,814.737
103.238,730.635,813.468
103.7,728.809,812.571
104.161,726.827,813.797
104.623,725.889,814.265
105.086,724.788,812.55
105.549,723.854,809.849
106.012,722.46,805.687
106.476,721.287,805.902
106.94,720.049,806.891
107.405,719.673,804.295
107.87,719.244,802.867
108.335,717.926,804.568
108.801,716.111,804.302
109.268,715.141,803.589
109.735,714.185,800.316
110.202,712.755,797.817
110.67,711.612,796.207
111.138,710.132,792.544
111.607,708.613,791.884
112.076,707.546,793.085
112.546,705.381,790.376
113.016,704.698,787.617
113.487,704.731,786.099
113.958,702.978,783.289
114.43,702.007,783.893
114.902,701.142,785.002
115.375,699.657,784.595
115.848,698.324,784.151
116.322,697.081,783.684
116.796,696.444,778.761
117.271,695.691,777.251
117.747,694.14,778.066
118.223,692.752,778.193
118.7,691.968,777.821
119.177,690.635,776.172
119.655,690.085,772.468
120.133,688.752,771.677
120.612,687.825,773.119
121.092,687.508,773.906
121.572,686.333,773.781
122.053,685.059,771.806
122.534,683.84,768.404
123.016,683.082,764.652
123.499,682.277,764.426
123.982,680.953,767.406
124.466,680.982,766.341
124.95,679.86,763.195
125.435,679.154,759.025
125.921,678.046,757.778
126.408,676.086,756.245
126.895,675.802,752.797
127.383,674.837,754.036
127.871,675.245,756.355
128.36,676.025,757.837
128.85,674.151,757.888
129.34,673.601,756.107
129.832,672.565,753.973
130.324,671.353,752.528
130.816,670.363,750.544
131.309,668.539,750.522
131.803,667.832,748.641
132.298,667.35,747.316
132.794,666.587,744.764
133.29,665.744,746.071
133.787,663.618,750.971
134.285,662.766,748.185
134.783,660.469,747.258
135.282,660.415,747.278
135.782,661.166,745.882
136.283,658.849,745.837
136.784,658.705,743.278
137.286,658.818,744.689
137.789,658.711,746.267
138.293,659.573,745.112
138.798,660.947,741.436
139.303,660.285,738.29
139.809,657.896,739.622
140.316,656.132,739.419
140.824,654.05,739.639
141.333,650.785,738.47
141.842,648.211,736.443
142.352,646.114,737.924
142.863,648.647,744.784
143.375,655.35,734.923
143.888,656.354,725.315
144.401,654.543,736.808
144.916,651.814,740.432
145.431,653.008,739.675
145.947,653.604,737.131
146.464,654.092,736.167
146.982,653.153,731.725
147.5,653.157,728.749
148.02,652.451,728.927
148.54,652.586,730.664
149.061,652.244,733.211
149.584,652.913,733.076
150.107,652.808,728.99
150.631,651.98,729.631
151.155,651.882,727.338
151.681,651.305,725.59
152.208,650.99,725.146
152.735,650.301,725.726
153.264,649.664,722.725
153.793,649.03,720.28
154.323,648.896,717.21
154.855,648.823,717.856
155.387,648.975,715.303
155.92,649.354,715.084
156.454,648.933,719.654
156.989,648.848,725.751
157.524,648.953,723.794
158.061,649.087,717.265
158.599,650.266,719.355
159.138,650.689,719.322
159.677,649.111,716.289
160.218,650.117,720.65
160.76,649.594,727.456
161.302,649.415,725.45
161.846,650.302,717.824
162.39,650.067,719.715
162.935,650.339,724.309
163.482,651.283,723.828
164.029,651.72,727.391
164.577,650.958,729.505
165.127,651.71,727.782
165.677,653.354,723.773
166.228,653.378,726.838
166.781,653.43,730.176
167.334,654.978,726.45
167.888,655.144,715.646
168.443,655.04,732.589
169.0,655.691,731.255
169.557,657.221,735.937
170.115,656.952,732.601
170.674,657.654,738.517
171.234,659.567,740.677
171.796,659.53,734.715
172.358,661.318,742.371
172.921,661.874,737.313
173.485,662.377,738.691
174.05,663.97,742.467
174.617,664.326,735.918
175.184,665.601,745.423
175.752,666.765,747.371
176.321,667.167,746.787
176.892,668.654,750.893
177.463,669.254,747.522
178.035,670.921,747.52
178.608,671.687,750.726
179.183,674.323,753.278
179.758,674.484,765.414
180.334,676.022,760.379
180.911,675.373,752.394
181.49,674.88,763.255
182.069,678.726,755.432
182.649,678.677,770.01
183.23,679.671,775.412
183.813,681.677,764.253
184.396,680.333,772.909
184.98,681.83,771.866
185.566,685.002,772.473
186.152,684.871,773.519
186.739,686.74,770.584
187.327,686.506,782.943
187.917,689.233,780.919
188.507,690.595,769.661
189.098,689.778,790.052
189.69,694.02,777.125
190.283,696.709,780.936
190.877,697.071,781.12
191.473,698.263,760.644
192.069,699.327,754.516
192.666,706.77,788.177
193.264,708.181,776.388
193.863,711.617,774.455
194.463,708.344,771.546
195.063,714.678,772.849
195.665,714.463,795.759
196.268,712.228,793.402
196.872,711.336,788.693
197.476,725.444,803.083
198.082,716.41,791.674
198.688,723.897,784.963
199.296,725.598,784.346
199.904,722.152,793.305
200.513,735.71,796.448
201.123,725.094,783.789
201.735,742.408,820.13
202.346,734.042,800.509
202.959,738.966,816.116
203.573,740.98,787.934
204.187,735.968,800.382
204.803,749.922,798.271
205.419,749.485,827.72
206.036,750.013,792.246
206.654,745.553,829.211
207.273,764.23,801.21
207.893,752.187,848.094
208.513,753.032,855.352
209.135,752.679,825.605
209.757,758.552,853.613
210.38,768.77,839.453
211.003,765.67,844.125
211.628,763.047,838.136
212.253,777.737,823.713
212.879,768.197,860.027
213.506,779.145,849.294
214.134,770.831,860.936
214.762,781.492,873.868
215.391,784.761,870.481
216.021,778.072,842.376
216.651,786.705,857.157
217.283,790.936,836.855
217.915,793.845,885.195
218.547,791.94,878.828
219.18,795.716,856.875
219.814,799.87,884.643
220.449,802.6,868.488
221.084,797.525,878.017
221.72,804.42,904.2
222.357,801.914,865.503
222.994,804.476,888.173
223.632,816.124,889.077
224.27,816.106,882.399
224.909,817.77,904.469
225.548,814.625,904.563
226.188,813.821,901.141
226.829,822.176,897.927
227.47,820.634,908.294
228.112,826.653,897.501
228.754,830.582,894.785
229.396,842.818,915.434
230.04,830.267,913.179
230.683,829.69,894.161
231.327,836.954,895.396
231.972,842.276,928.371
232.617,831.139,881.154
233.262,842.271,928.231
233.908,855.021,947.388
234.554,839.142,921.597
235.201,847.464,925.098
235.848,855.782,965.795
236.495,842.738,922.49
237.143,852.456,937.421
237.791,872.541,969.024
238.439,845.94,918.597
239.088,856.117,937.991
239.737,881.307,976.476
240.386,857.915,947.744
241.036,865.68,937.396
241.685,883.85,990.712
242.335,863.004,947.013
242.985,865.901,950.987
243.636,888.669,992.578
244.286,866.1,972.993
244.937,875.914,954.438
245.588,886.641,984.534
246.239,873.974,974.7
246.891,876.3,966.963
247.542,889.884,955.16
248.193,881.379,966.417
248.845,876.624,978.255
249.497,889.736,975.959
250.148,886.246,957.251
250.8,883.062,985.46
251.452,891.582,983.664
252.104,890.88,947.334
252.756,883.525,966.826
253.408,888.373,978.177
254.059,895.484,968.647
254.711,894.431,986.22
255.363,891.809,950.689
256.015,883.998,987.954
256.666,895.99,960.617
257.318,886.373,999.178
257.969,901.485,965.537
258.621,893.454,972.774
259.272,885.018,982.719
259.923,886.532,981.403
260.574,888.264,955.523
261.224,904.783,987.339
261.875,895.044,943.621
262.525,885.469,968.189
263.175,876.745,1005.95
263.825,876.577,962.885
264.475,895.111,1000.96
265.124,907.93,963.573
265.773,887.093,903.108
266.422,881.433,964.515
267.07,873.447,998.465
267.718,869.988,1005.49
268.366,894.227,984.019
269.014,890.014,950.771
269.661,887.26,945.678
270.307,866.401,958.94
270.954,879.496,976.629
271.6,884.436,975.12
272.245,881.294,958.849
272.891,878.132,947.171
273.535,873.568,951.334
274.18,886.117,966.805
274.823,879.324,960.972
275.467,879.062,939.204
276.11,863.314,977.493
276.752,867.021,973.87
277.394,882.497,938.141
278.035,883.616,947.739
278.676,887.121,932.193
279.316,848.458,926.06
279.956,858.814,973.107
280.595,859.683,989.251
281.234,862.128,986.273
281.872,879.288,929.431
282.509,875.457,935.867
283.146,857.223,946.534
283.782,850.289,946.952
284.417,860.931,966.056
285.052,875.455,954.14
285.687,864.372,871.212
286.32,851.472,932.937
286.953,847.69,958.527
287.585,856.251,919.923
288.217,861.973,944.032
288.847,859.991,926.128
289.478,847.093,909.244
290.107,839.98,939.629
290.736,850.329,946.693
291.363,849.016,958.376
291.991,847.697,909.779
292.617,869.271,919.175
293.243,841.064,914.27
293.867,835.916,934.551
294.491,847.093,922.742
295.115,852.992,956.352
295.737,847.711,895.156
296.359,832.481,904.476
296.98,829.135,962.845
297.6,843.966,918.576
298.219,840.856,932.219
298.837,853.025,901.945
299.455,845.857,874.0
300.071,824.016,911.251
300.687,834.665,938.343
301.302,835.478,932.563
301.916,835.882,914.389
302.529,841.133,904.011
303.142,821.608,891.511
303.753,826.287,922.736
304.363,827.785,940.612
304.973,825.716,916.321
305.582,842.965,919.191
306.189,822.708,856.874
306.796,818.671,905.271
307.402,828.857,932.295
308.007,827.644,895.814
308.611,824.229,932.934
309.215,822.403,898.939
309.817,806.528,893.366
310.418,823.485,864.716
311.018,833.076,921.93
311.618,828.406,827.905
312.216,810.806,883.985
312.813,823.065,917.571
313.41,804.512,929.719
314.005,806.27,902.536
314.6,824.266,864.324
315.194,818.416,889.526
315.786,811.532,876.848
316.378,811.512,857.154
316.968,816.575,908.969
317.558,810.567,923.889
318.147,803.979,895.775
318.734,812.279,868.282
319.321,808.887,898.019
319.907,799.834,872.601
320.491,809.04,883.468
321.075,814.071,928.242
321.658,796.43,893.824
322.239,801.481,910.4
322.82,813.392,865.071
323.4,809.411,883.284
323.978,804.908,886.223
324.556,803.008,908.312
325.133,802.992,864.401
325.709,790.526,890.262
326.283,795.654,884.4
326.857,801.491,867.529
327.43,804.945,893.384
328.001,805.483,889.136
328.572,790.365,839.408
329.141,796.668,886.171
329.71,799.959,862.902
330.278,791.291,850.343
330.844,799.719,881.575
331.41,798.736,914.156
331.975,789.25,881.086
332.538,785.757,893.763
333.101,795.859,851.497
333.662,784.956,849.387
334.223,806.214,883.426
334.783,796.839,857.087
335.341,793.533,892.962
335.899,792.407,853.907
336.456,787.62,862.125
337.011,790.763,885.622
337.566,792.885,841.32
338.119,782.538,886.085
338.672,799.889,862.384
339.224,781.858,854.557
339.774,800.813,857.989
340.324,794.175,859.163
340.873,789.777,889.051
341.421,788.641,874.908
341.967,793.001,869.31
342.513,792.959,854.04
343.058,784.762,847.393
343.602,789.004,858.351
344.145,789.302,885.208
344.687,788.225,886.951
345.228,791.163,885.032
345.768,788.229,839.515
346.307,781.526,861.333
346.845,797.368,844.308
347.382,785.726,859.849
347.919,797.689,861.687
348.454,787.88,888.779
348.988,786.905,887.411
349.522,787.521,854.042
350.054,776.063,855.904
350.586,786.044,882.708
351.116,798.407,858.97
351.646,783.521,853.463
352.175,788.363,857.926
352.703,792.693,860.591
353.23,782.883,880.29
353.756,791.574,891.436
354.281,783.554,872.387
354.805,776.453,876.929
355.329,784.411,901.86
355.851,786.144,877.848
356.373,784.141,866.437
356.894,786.47,900.485
357.414,788.988,885.935
357.933,780.662,904.237
358.451,780.681,897.449
358.968,781.023,905.441
359.484,781.027,873.184
360.0,786.082,888.094
0.514709,791.145,882.599
1.02858,781.695,895.079
9.96921e+36,9.96921e+36,9.96921e+36
