#Cannot add temp
#Cannot add altitude
#Cannot add pressure
#Cannot add geopotential
#Cannot add theta
L_S,vl1,vl2
360.0,0.0,0.0
0.514709,918.342,996.023
1.02858,920.571,1000.11
1.54161,918.038,1004.89
2.05381,915.71,1005.73
2.56517,914.593,1005.32
3.07571,910.872,992.278
3.58543,906.804,984.49
4.09433,905.54,1005.05
4.60242,904.216,1026.8
5.1097,909.115,1011.09
5.61618,904.742,1023.84
6.12186,909.257,1019.52
6.62675,911.471,1022.06
7.13085,914.449,1018.16
7.63416,912.641,1027.83
8.1367,911.217,1025.04
8.63847,915.377,1022.77
9.13947,919.012,1013.77
9.63971,917.23,1009.82
10.1392,920.263,1008.77
10.6379,917.522,1027.18
11.1359,913.335,1031.3
11.6331,919.515,1031.26
12.1296,917.634,1046.43
12.6254,912.691,1029.38
13.1204,919.652,1021.51
13.6148,921.07,1039.31
14.1084,917.929,1030.94
14.6013,913.365,1018.65
15.0934,922.813,1037.31
15.5849,913.576,1040.03
16.0757,913.109,1021.9
16.5658,918.742,1028.93
17.0552,915.717,1010.45
17.544,916.612,1007.04
18.032,920.523,1025.02
18.5194,913.147,1028.84
19.0062,911.729,1019.12
19.4923,916.356,1020.8
19.9777,916.382,1006.62
20.4625,915.758,1007.35
20.9466,916.737,1027.45
21.4301,912.6,1017.67
21.913,911.049,992.519
22.3952,916.637,1012.88
22.8769,912.822,1022.66
23.3579,912.65,998.107
23.8383,912.09,1004.25
24.3181,913.437,1017.27
24.7973,913.028,1017.02
25.276,909.723,1010.5
25.754,910.013,1007.33
26.2315,911.929,1015.14
26.7083,910.749,1013.58
27.1847,908.237,1013.6
27.6604,907.638,1004.39
28.1356,908.851,1006.91
28.6103,907.112,1005.0
29.0843,905.75,1003.52
29.5579,903.583,997.191
30.0309,903.237,1007.39
30.5034,903.123,1010.63
30.9754,902.089,1012.44
31.4468,901.286,1011.93
31.9178,902.513,1003.94
32.3882,901.938,1002.53
32.8582,900.577,1007.86
33.3276,899.17,1011.66
33.7965,899.737,1007.39
34.265,898.816,1003.53
34.733,899.251,1003.35
35.2005,896.937,1006.31
35.6676,896.259,1001.48
36.1341,896.306,995.468
36.6003,894.446,988.712
37.066,893.587,994.246
37.5312,893.935,1003.07
37.996,892.847,1002.51
38.4604,891.541,999.343
38.9243,890.631,993.804
39.3878,891.234,993.889
39.8509,891.916,995.559
40.3136,890.339,997.178
40.7759,888.586,996.426
41.2378,887.831,997.765
41.6993,886.506,997.365
42.1604,885.366,998.753
42.6211,885.243,996.538
43.0815,884.324,993.616
43.5415,883.634,994.387
44.0011,882.267,994.326
44.4604,880.789,993.049
44.9193,879.914,989.731
45.3778,879.84,983.398
45.8361,877.771,978.071
46.2939,875.946,973.271
46.7515,874.719,975.137
47.2087,875.141,976.592
47.6656,873.619,973.145
48.1222,873.255,967.614
48.5785,871.181,965.993
49.0345,869.512,966.974
49.4902,868.436,967.894
49.9456,866.837,966.245
50.4007,867.417,962.79
50.8556,865.815,963.957
51.3102,864.513,964.444
51.7645,863.233,964.636
52.2185,863.403,962.539
52.6723,862.131,959.556
53.1258,860.113,958.639
53.5791,858.389,956.868
54.0322,857.34,957.056
54.485,856.692,957.553
54.9376,855.712,956.349
55.3899,855.934,955.225
55.8421,854.357,949.415
56.294,852.64,946.16
56.7458,850.626,949.443
57.1973,848.848,956.927
57.6486,847.554,956.211
58.0998,847.204,951.074
58.5508,846.717,950.634
59.0016,845.077,952.249
59.4522,844.633,951.632
59.9026,842.943,949.67
60.3529,843.869,945.19
60.8031,842.598,940.338
61.2531,842.413,937.461
61.7029,839.985,938.104
62.1527,838.378,940.108
62.6023,837.201,936.542
63.0517,836.726,934.276
63.5011,834.639,938.643
63.9503,832.862,941.54
64.3994,832.592,941.489
64.8484,831.977,939.244
65.2973,829.788,934.616
65.7462,828.504,927.586
66.1949,829.057,923.548
66.6436,827.782,925.211
67.0922,827.254,927.344
67.5407,825.191,929.416
67.9891,824.362,926.72
68.4375,823.721,919.755
68.8859,823.966,914.971
69.3342,821.475,911.75
69.7824,820.48,909.529
70.2307,818.508,905.251
70.6789,817.916,904.359
71.127,816.088,906.776
71.5752,815.412,909.046
72.0233,815.118,905.31
72.4715,813.672,905.804
72.9196,812.167,903.5
73.3677,810.166,904.041
73.8159,809.248,902.449
74.264,807.919,901.282
74.7122,807.429,900.34
75.1604,805.565,898.659
75.6087,805.05,894.386
76.0569,803.057,891.938
76.5053,803.151,890.459
76.9537,802.223,889.861
77.4021,801.049,887.889
77.8506,799.01,887.634
78.2991,797.881,887.566
78.7478,795.743,886.909
79.1965,794.774,886.125
79.6453,794.022,883.543
80.0941,792.62,880.145
80.5431,791.519,877.139
80.9922,790.357,875.143
81.4414,789.279,875.336
81.8907,787.164,873.863
82.3401,786.769,872.251
82.7896,784.627,871.247
83.2393,783.65,872.094
83.6891,781.414,869.023
84.139,779.514,867.338
84.5891,777.661,866.024
85.0394,777.578,864.481
85.4898,776.364,860.573
85.9403,775.209,858.719
86.391,773.802,859.51
86.8419,773.062,859.156
87.293,772.667,858.893
87.7443,770.609,855.002
88.1957,768.41,853.065
88.6474,767.39,852.967
89.0992,766.409,852.208
89.5513,764.505,851.538
90.0036,763.449,851.826
90.4561,761.828,850.396
90.9088,760.193,846.271
91.3618,758.411,842.214
91.8149,757.506,841.532
92.2684,756.422,841.11
92.7221,755.149,840.844
93.176,753.31,839.626
93.6302,752.426,836.396
94.0846,750.94,834.125
94.5394,749.877,831.864
94.9944,749.249,830.932
95.4497,748.083,830.5
95.9053,746.503,829.678
96.3611,744.293,827.957
96.8173,743.82,824.95
97.2738,742.691,821.454
97.7305,741.303,821.931
98.1876,739.433,821.997
98.6451,738.771,821.583
99.1028,736.886,821.472
99.5609,735.476,819.899
100.019,734.674,817.856
100.478,733.465,818.956
100.937,731.889,818.915
101.397,730.933,815.873
101.857,730.067,814.649
102.317,728.354,814.907
102.777,727.077,813.793
103.238,725.541,811.797
103.7,724.836,808.923
104.161,723.021,806.673
104.623,721.435,805.06
105.086,720.04,804.043
105.549,719.193,803.474
106.012,717.862,802.631
106.476,716.074,800.708
106.94,714.671,799.796
107.405,713.387,798.683
107.87,712.831,795.785
108.335,712.117,792.326
108.801,711.024,791.261
109.268,709.283,789.314
109.735,708.088,788.132
110.202,706.863,786.183
110.67,705.367,783.13
111.138,704.778,783.887
111.607,703.212,783.85
112.076,701.897,782.379
112.546,700.682,780.579
113.016,699.306,779.552
113.487,697.959,777.453
113.958,697.169,776.071
114.43,695.889,776.279
114.902,694.443,777.198
115.375,693.522,775.478
115.848,692.482,772.073
116.322,690.973,767.5
116.796,689.921,764.332
117.271,689.301,768.941
117.747,687.411,772.036
118.223,685.626,772.692
118.7,684.878,772.017
119.177,684.341,771.818
119.655,683.184,771.93
120.133,682.516,768.591
120.612,681.117,763.271
121.092,680.159,760.082
121.572,678.679,760.219
122.053,677.64,762.264
122.534,677.217,763.818
123.016,675.711,763.508
123.499,674.833,763.055
123.982,674.245,760.812
124.466,673.553,759.577
124.95,673.891,759.186
125.435,672.281,758.244
125.921,670.862,757.434
126.408,669.745,756.579
126.895,669.148,756.277
127.383,668.71,754.914
127.871,666.752,752.869
128.36,666.276,749.236
128.85,665.164,747.158
129.34,663.739,749.234
129.832,663.954,749.041
130.324,663.487,747.731
130.816,663.723,747.207
131.309,663.199,746.077
131.803,662.201,744.748
132.298,661.987,743.653
132.794,660.353,744.887
133.29,659.868,742.705
133.787,658.79,740.727
134.285,657.529,739.54
134.783,657.046,739.768
135.282,657.254,740.306
135.782,658.247,737.834
136.283,657.672,735.57
136.784,657.148,735.281
137.286,656.845,736.902
137.789,656.302,736.918
138.293,656.18,731.929
138.798,655.344,729.343
139.303,653.939,730.683
139.809,652.149,732.017
140.316,652.19,734.081
140.824,650.481,738.14
141.333,648.939,735.562
141.842,648.712,728.086
142.352,646.409,727.95
142.863,640.922,738.293
143.375,642.174,738.806
143.888,647.051,729.817
144.401,647.75,732.682
144.916,649.083,734.463
145.431,649.322,734.184
145.947,648.528,733.247
146.464,648.575,732.569
146.982,648.674,731.82
147.5,646.251,726.878
148.02,647.159,721.91
148.54,647.843,727.492
149.061,647.286,728.045
149.584,648.034,723.868
150.107,648.081,725.224
150.631,647.595,724.977
151.155,646.807,724.228
151.681,646.4,719.441
152.208,645.921,713.549
152.735,644.85,714.983
153.264,644.554,717.954
153.793,644.761,711.301
154.323,644.497,710.258
154.855,644.28,715.6
155.387,644.638,717.522
155.92,644.47,719.415
156.454,644.436,719.215
156.989,644.238,718.066
157.524,644.591,715.926
158.061,645.945,712.759
158.599,646.494,708.792
159.138,646.417,703.866
159.677,647.12,702.751
160.218,647.928,706.131
160.76,647.872,717.979
161.302,646.797,723.049
161.846,646.872,723.626
162.39,647.695,720.146
162.935,650.113,717.143
163.482,651.338,716.997
164.029,651.93,724.069
164.577,651.374,730.275
165.127,651.902,730.113
165.677,651.603,723.398
166.228,651.916,732.212
166.781,653.274,727.678
167.334,656.015,734.241
167.888,655.775,732.598
168.443,656.117,730.178
169.0,658.295,726.559
169.557,657.565,724.994
170.115,658.806,731.367
170.674,660.86,733.248
171.234,662.165,738.432
171.796,661.49,739.728
172.358,663.019,746.002
172.921,663.668,735.965
173.485,666.324,732.623
174.05,666.941,738.82
174.617,668.668,744.594
175.184,669.738,748.282
175.752,669.462,750.87
176.321,670.803,753.504
176.892,670.526,752.439
177.463,672.772,750.626
178.035,675.225,752.32
178.608,676.37,764.105
179.183,677.276,758.91
179.758,677.082,768.252
180.334,675.272,770.33
180.911,676.903,760.615
181.49,676.873,768.52
182.069,679.783,761.001
182.649,682.404,777.232
183.23,681.7,771.962
183.813,683.275,776.536
184.396,684.169,773.875
184.98,684.403,782.243
185.566,686.496,766.503
186.152,687.977,780.39
186.739,692.144,775.088
187.327,691.591,785.301
187.917,692.147,778.688
188.507,693.149,784.288
189.098,697.655,780.418
189.69,698.674,791.058
190.283,698.861,779.161
190.877,705.651,782.71
191.473,703.42,797.606
192.069,710.689,798.942
192.666,705.195,785.161
193.264,708.654,774.121
193.863,714.597,769.94
194.463,716.304,776.014
195.063,717.284,789.848
195.665,717.685,785.89
196.268,726.335,793.542
196.872,726.319,784.416
197.476,724.137,770.378
198.082,730.304,811.38
198.688,731.733,786.483
199.296,736.317,774.816
199.904,736.622,816.358
200.513,748.274,791.958
201.123,738.0,782.722
201.735,747.509,810.221
202.346,748.88,798.006
202.959,750.626,787.707
203.573,746.961,827.175
204.187,761.276,800.847
204.803,753.541,818.64
205.419,760.671,843.118
206.036,756.667,826.502
206.654,760.662,859.577
207.273,763.253,843.972
207.893,763.228,826.384
208.513,769.187,854.923
209.135,770.587,831.614
209.757,771.993,839.298
210.38,771.678,869.15
211.003,778.861,862.794
211.628,778.714,828.346
212.253,776.317,886.608
212.879,786.677,842.923
213.506,784.628,871.037
214.134,789.283,865.707
214.762,791.301,857.948
215.391,782.83,886.658
216.021,802.977,868.279
216.651,793.991,879.253
217.283,799.304,893.831
217.915,805.642,866.269
218.547,805.599,892.16
219.18,797.92,896.981
219.814,803.348,869.461
220.449,813.127,904.323
221.084,817.074,896.779
221.72,817.026,858.666
222.357,821.292,900.857
222.994,835.995,902.184
223.632,821.071,885.568
224.27,835.496,934.041
224.909,833.093,916.032
225.548,819.212,937.826
226.188,834.678,908.016
226.829,834.919,947.531
227.47,839.472,909.526
228.112,837.819,905.44
228.754,856.277,955.198
229.396,837.214,940.103
230.04,838.848,926.426
230.683,863.029,949.044
231.327,856.401,918.478
231.972,836.308,891.763
232.617,861.256,945.169
233.262,866.975,965.672
233.908,843.56,937.211
234.554,865.377,972.558
235.201,879.044,984.435
235.848,861.973,947.535
236.495,867.879,939.883
237.143,881.403,989.267
237.791,869.147,953.364
238.439,869.577,952.112
239.088,890.772,980.064
239.737,870.874,978.063
240.386,874.887,967.622
241.036,889.002,977.926
241.685,889.011,985.15
242.335,879.431,969.702
242.985,885.477,973.723
243.636,900.148,967.771
244.286,877.563,957.28
244.937,883.984,988.387
245.588,904.074,974.055
246.239,894.869,966.338
246.891,898.651,959.684
247.542,892.804,1012.51
248.193,887.667,965.952
248.845,886.676,1006.91
249.497,911.526,987.865
250.148,902.266,941.105
250.8,901.785,938.892
251.452,894.845,996.002
252.104,875.177,984.314
252.756,890.437,1011.49
253.408,908.374,967.808
254.059,906.672,952.965
254.711,891.848,970.59
255.363,893.696,975.659
256.015,885.619,1018.37
256.666,895.201,992.616
257.318,900.14,937.154
257.969,909.394,954.149
258.621,898.025,960.352
259.272,875.229,968.605
259.923,885.908,999.522
260.574,897.641,978.604
261.224,901.02,961.826
261.875,897.39,935.955
262.525,888.205,974.111
263.175,881.933,956.666
263.825,887.082,993.834
264.475,903.365,976.078
265.124,893.177,966.457
265.773,876.906,975.743
266.422,891.26,965.833
267.07,886.311,959.888
267.718,904.735,985.838
268.366,894.488,923.477
269.014,881.477,946.925
269.661,866.476,1008.1
270.307,884.088,966.74
270.954,891.223,996.903
271.6,900.8,935.346
272.245,885.844,941.24
272.891,881.803,956.097
273.535,859.45,974.5
274.18,867.434,1010.65
274.823,890.942,974.357
275.467,887.567,910.862
276.11,880.152,921.823
276.752,863.081,966.621
277.394,860.721,989.6
278.035,875.793,948.809
278.676,879.749,977.972
279.316,883.45,915.996
279.956,853.404,928.286
280.595,866.527,972.372
281.234,872.346,936.174
281.872,869.756,972.929
282.509,876.409,929.928
283.146,863.428,926.064
283.782,853.812,953.85
284.417,865.842,943.634
285.052,872.194,966.411
285.687,862.511,916.056
286.32,869.713,915.648
286.953,839.678,960.898
287.585,856.077,950.552
288.217,859.847,948.814
288.847,859.841,944.017
289.478,878.484,898.987
290.107,847.62,911.318
290.736,851.313,949.633
291.363,837.1,971.07
291.991,845.978,982.656
292.617,865.963,923.944
293.243,857.446,882.768
293.867,843.82,925.004
294.491,839.141,928.692
295.115,842.188,949.851
295.737,846.173,937.096
296.359,849.269,887.321
296.98,851.525,896.07
297.6,824.156,933.968
298.219,840.469,916.93
298.837,845.537,923.156
299.455,845.578,936.96
300.071,830.025,874.328
300.687,833.35,900.994
301.302,838.137,975.108
301.916,831.906,932.187
302.529,835.758,898.483
303.142,853.0,930.68
303.753,831.737,884.488
304.363,818.328,913.898
304.973,846.874,911.546
305.582,840.796,934.987
306.189,819.273,879.495
306.796,825.032,934.334
307.402,833.894,930.796
308.007,819.134,917.762
308.611,824.711,898.872
309.215,836.015,933.858
309.817,826.161,890.932
310.418,813.117,895.424
311.018,831.164,912.752
311.618,815.267,946.269
312.216,808.269,914.874
312.813,824.764,904.4
313.41,830.971,931.997
314.005,816.867,868.979
314.6,811.014,893.784
315.194,836.182,894.065
315.786,809.136,929.599
316.378,801.762,899.839
316.968,824.103,899.437
317.558,821.442,926.777
318.147,804.639,874.788
318.734,813.262,908.711
319.321,819.019,908.582
319.907,802.932,891.692
320.491,807.921,914.391
321.075,816.904,913.7
321.658,799.88,887.094
322.239,801.126,878.624
322.82,816.113,891.113
323.4,805.533,882.913
323.978,794.741,896.496
324.556,811.023,884.61
325.133,812.576,891.847
325.709,798.039,859.36
326.283,799.191,852.728
326.857,811.388,891.743
327.43,800.9,895.139
328.001,793.071,871.851
328.572,801.341,913.112
329.141,806.063,908.21
329.71,789.977,878.353
330.278,790.194,909.672
330.844,809.1,840.845
331.41,800.218,875.036
331.975,799.152,876.785
332.538,794.575,884.937
333.101,791.885,892.553
333.662,798.854,891.497
334.223,787.551,887.347
334.783,795.788,865.163
335.341,787.912,867.371
335.899,804.458,890.223
336.456,795.513,870.506
337.011,790.545,894.608
337.566,792.847,868.241
338.119,790.261,841.577
338.672,790.617,873.995
339.224,799.764,835.641
339.774,787.74,877.041
340.324,805.481,873.767
340.873,787.864,889.071
341.421,795.135,879.302
341.967,789.978,884.807
342.513,791.511,841.541
343.058,784.817,854.989
343.602,798.432,876.063
344.145,792.036,844.576
344.687,791.607,893.017
345.228,797.719,873.39
345.768,791.691,882.564
346.307,788.111,891.831
346.845,794.075,878.398
347.382,790.276,859.117
347.919,785.013,889.626
348.454,792.299,872.15
348.988,785.435,850.337
349.522,783.461,858.833
350.054,798.018,877.202
350.586,787.218,853.675
351.116,787.607,897.111
351.646,791.093,860.772
352.175,782.297,887.608
352.703,793.298,876.487
353.23,782.646,886.514
353.756,785.297,878.014
354.281,783.413,891.456
354.805,783.313,852.465
355.329,783.333,884.515
355.851,792.072,864.162
356.373,782.784,890.579
356.894,791.091,892.55
357.414,783.212,897.098
357.933,780.972,895.421
358.451,784.279,892.645
358.968,788.073,885.189
359.484,791.448,886.963
360.0,787.072,890.214
0.514709,787.939,901.972
1.02858,787.257,885.127
1.54161,779.722,900.237
2.05381,786.375,890.412
2.56517,785.836,892.778
3.07571,784.002,899.627
3.58543,785.781,876.314
4.09433,783.993,907.562
4.60242,786.029,912.386
5.1097,786.289,915.558
5.61618,784.551,888.735
6.12186,787.65,885.029
6.62675,796.591,876.621
7.13085,790.893,903.772
7.63416,792.041,893.205
8.1367,789.457,903.575
8.63847,792.719,884.574
9.13947,792.662,904.08
9.63971,791.206,877.863
10.1392,799.551,883.5
10.6379,796.269,913.878
11.1359,794.354,904.997
11.6331,790.931,910.708
12.1296,789.085,900.87
12.6254,800.964,888.345
13.1204,795.735,899.592
13.6148,799.976,894.191
14.1084,792.582,916.404
14.6013,789.179,899.213
15.0934,790.692,884.584
15.5849,799.839,900.134
16.0757,798.4,906.299
16.5658,792.828,887.214
17.0552,794.292,902.182
17.544,801.124,900.521
18.032,794.741,919.434
18.5194,790.704,897.232
19.0062,798.858,890.313
19.4923,797.977,917.803
19.9777,799.336,899.198
20.4625,796.646,900.337
20.9466,800.321,886.83
21.4301,804.747,910.016
21.913,795.927,902.224
22.3952,798.595,894.939
22.8769,803.199,911.205
23.3579,797.538,907.413
23.8383,804.115,893.024
24.3181,802.527,917.567
24.7973,798.513,911.453
25.276,804.272,903.168
25.754,800.085,911.263
26.2315,801.109,893.308
26.7083,805.829,908.196
27.1847,802.939,907.727
27.6604,803.841,897.501
28.1356,802.027,894.81
28.6103,807.262,902.524
29.0843,802.785,906.475
29.5579,797.122,892.412
30.0309,800.291,887.063
30.5034,804.716,899.699
30.9754,801.801,912.073
31.4468,797.473,902.211
31.9178,802.153,904.929
32.3882,806.482,917.185
32.8582,801.524,909.623
33.3276,799.617,906.008
33.7965,806.394,912.382
34.265,802.744,925.666
34.733,799.243,894.254
35.2005,798.061,882.014
35.6676,807.617,897.444
36.1341,802.697,922.157
36.6003,798.733,910.458
37.066,798.322,888.202
37.5312,803.332,906.639
37.996,803.964,909.017
38.4604,800.268,884.558
38.9243,801.835,897.388
39.3878,805.636,908.693
39.8509,804.105,916.508
40.3136,800.32,895.924
40.7759,803.536,900.691
41.2378,804.736,899.358
41.6993,802.185,892.902
42.1604,805.509,895.137
42.6211,803.431,892.481
43.0815,801.835,903.501
43.5415,803.771,894.289
44.0011,802.63,892.399
44.4604,806.305,904.793
44.9193,805.046,896.192
45.3778,800.39,889.571
45.8361,803.03,899.077
46.2939,805.374,913.481
46.7515,798.841,889.512
47.2087,795.707,894.082
47.6656,805.188,900.156
48.1222,803.395,910.64
48.5785,799.827,900.869
49.0345,804.432,893.817
49.4902,804.547,897.193
49.9456,799.742,890.111
50.4007,802.586,897.582
50.8556,805.971,911.462
51.3102,798.982,887.501
51.7645,796.118,895.835
52.2185,805.765,899.268
52.6723,803.98,898.286
53.1258,799.161,892.724
53.5791,797.244,897.402
54.0322,803.747,899.462
54.485,802.207,899.121
54.9376,797.127,897.685
55.3899,798.543,894.236
55.8421,801.024,897.06
56.294,797.079,893.074
56.7458,797.584,892.876
57.1973,801.728,893.76
57.6486,794.246,895.253
58.0998,795.816,893.726
58.5508,800.823,895.982
59.0016,795.679,899.675
59.4522,792.711,894.346
59.9026,794.72,895.451
60.3529,795.652,909.964
60.8031,792.062,903.281
61.2531,788.818,891.354
61.7029,789.993,887.594
62.1527,794.07,890.825
62.6023,792.739,899.519
63.0517,790.839,901.116
63.5011,787.877,901.347
63.9503,788.713,898.504
64.3994,790.883,898.05
64.8484,791.772,899.087
65.2973,788.969,895.613
65.7462,785.829,891.986
66.1949,785.79,892.946
66.6436,787.104,888.727
67.0922,789.139,889.057
67.5407,790.313,901.843
67.9891,788.474,901.444
68.4375,786.444,887.153
68.8859,785.762,880.576
69.3342,787.897,879.075
69.7824,787.667,893.173
70.2307,785.952,889.859
70.6789,786.944,885.01
71.127,789.15,886.419
71.5752,785.661,890.71
72.0233,783.062,886.237
72.4715,784.0,883.539
72.9196,784.072,885.237
73.3677,784.222,883.64
73.8159,784.219,885.614
74.264,782.906,887.892
74.7122,780.48,883.846
75.1604,781.701,877.882
75.6087,782.018,877.002
76.0569,782.673,887.433
76.5053,780.051,882.11
76.9537,779.683,872.429
77.4021,779.996,873.282
77.8506,778.614,874.773
78.2991,777.351,877.905
78.7478,776.786,872.188
79.1965,775.976,877.369
79.6453,775.15,875.842
80.0941,774.975,874.784
80.5431,775.341,872.187
80.9922,774.502,869.973
81.4414,772.968,871.128
81.8907,772.435,870.667
82.3401,770.516,868.633
82.7896,770.32,864.039
83.2393,771.675,863.725
83.6891,771.488,865.321
84.139,769.816,863.833
84.5891,767.967,859.044
85.0394,766.21,858.257
85.4898,765.789,861.441
85.9403,765.925,862.27
86.391,765.753,858.471
86.8419,765.235,854.1
87.293,763.301,854.894
87.7443,763.205,855.787
88.1957,762.896,852.92
88.6474,762.387,852.115
89.0992,761.443,848.493
89.5513,761.057,847.379
90.0036,759.164,845.947
90.4561,757.525,844.181
90.9088,757.23,841.797
91.3618,756.677,842.088
91.8149,755.448,840.31
92.2684,754.549,838.065
92.7221,754.703,838.802
93.176,754.48,836.621
93.6302,754.089,837.165
94.0846,752.978,837.719
94.5394,752.139,840.669
94.9944,751.418,840.739
95.4497,751.352,837.136
95.9053,749.909,835.341
96.3611,748.119,837.286
96.8173,746.384,837.097
97.2738,745.078,834.389
97.7305,743.737,833.475
98.1876,742.656,835.631
98.6451,741.516,835.266
99.1028,739.692,831.2
99.5609,738.438,827.562
100.019,738.005,826.224
100.478,737.664,824.71
100.937,736.705,824.59
101.397,734.868,822.633
101.857,733.662,817.417
102.317,734.019,814.13
102.777,732.447,814.785
103.238,730.636,814.199
103.7,728.54,814.853
104.161,727.768,817.444
104.623,727.16,814.346
105.086,724.852,812.489
105.549,723.098,812.562
106.012,721.426,811.977
106.476,721.223,809.587
106.94,720.159,806.67
107.405,718.937,803.522
107.87,718.221,803.046
108.335,717.47,800.872
108.801,716.882,797.037
109.268,715.809,795.647
109.735,714.346,796.888
110.202,712.929,794.995
110.67,711.507,792.918
111.138,709.888,790.614
111.607,709.663,788.625
112.076,708.763,790.672
112.546,707.573,790.227
113.016,706.197,791.568
113.487,704.798,794.254
113.958,704.154,792.177
114.43,703.487,790.92
114.902,702.048,788.569
115.375,700.761,784.57
115.848,699.494,782.896
116.322,697.667,783.621
116.796,696.636,786.346
117.271,696.066,787.288
117.747,694.557,787.201
118.223,693.369,784.189
118.7,692.594,778.674
119.177,691.817,770.762
119.655,691.501,771.233
120.133,690.542,773.978
120.612,689.208,776.188
121.092,688.293,775.372
121.572,687.279,774.627
122.053,686.183,771.902
122.534,684.89,770.971
123.016,684.797,768.692
123.499,684.095,767.063
123.982,682.384,765.359
124.466,681.554,762.416
124.95,679.761,760.062
125.435,678.597,756.037
125.921,677.941,757.82
126.408,676.452,759.641
126.895,677.484,761.754
127.383,677.375,765.137
127.871,677.275,761.847
128.36,676.695,760.977
128.85,674.796,761.984
129.34,674.533,760.836
129.832,674.055,760.054
130.324,672.882,760.118
130.816,671.042,763.308
131.309,669.521,765.453
131.803,669.484,757.362
132.298,669.064,744.567
132.794,667.316,743.852
133.29,665.827,746.2
133.787,665.735,748.008
134.285,667.914,747.894
134.783,668.049,750.041
135.282,666.031,748.505
135.782,663.377,746.962
136.283,660.605,750.698
136.784,659.312,746.601
137.286,659.991,744.626
137.789,662.69,743.639
138.293,663.935,744.084
138.798,662.058,742.714
139.303,660.687,740.475
139.809,658.806,741.962
140.316,657.328,740.458
140.824,655.78,737.485
141.333,653.361,736.518
141.842,649.482,738.515
142.352,651.532,737.003
142.863,654.644,732.765
143.375,657.347,738.496
143.888,654.823,739.288
144.401,656.046,738.581
144.916,657.03,734.393
145.431,656.697,729.57
145.947,656.456,730.591
146.464,656.324,731.104
146.982,656.512,729.967
147.5,656.254,730.305
148.02,655.694,730.26
148.54,655.124,732.608
149.061,654.959,735.978
149.584,655.027,737.053
150.107,655.031,737.567
150.631,654.822,735.977
151.155,655.46,735.275
151.681,654.881,737.538
152.208,654.487,739.174
152.735,654.476,740.659
153.264,654.337,738.379
153.793,653.981,736.914
154.323,654.321,735.618
154.855,654.435,733.476
155.387,654.392,730.699
155.92,654.693,726.455
156.454,654.174,719.705
156.989,653.976,717.998
157.524,654.857,716.628
158.061,654.236,720.663
158.599,653.792,722.93
159.138,653.628,728.459
159.677,654.5,726.058
160.218,655.406,725.25
160.76,656.179,726.978
161.302,657.041,730.824
161.846,655.543,735.304
162.39,656.378,733.107
162.935,656.319,733.792
163.482,656.758,732.668
164.029,658.434,731.809
164.577,658.967,734.787
165.127,659.34,728.945
165.677,660.136,736.967
166.228,659.809,740.589
166.781,660.397,743.083
167.334,662.57,737.747
167.888,663.199,742.686
168.443,662.799,740.864
169.0,665.094,740.19
169.557,666.099,744.124
170.115,666.566,745.297
170.674,667.994,745.121
171.234,669.192,742.192
171.796,669.833,743.406
172.358,671.838,750.806
172.921,671.935,751.732
173.485,672.357,748.4
174.05,674.197,748.863
174.617,675.882,755.222
175.184,676.68,759.369
175.752,678.407,758.532
176.321,678.152,760.047
176.892,680.217,766.143
177.463,680.061,759.779
178.035,681.126,763.001
178.608,682.433,758.402
179.183,681.613,768.721
179.758,682.685,759.91
180.334,684.835,776.9
180.911,682.013,767.083
181.49,683.735,779.433
182.069,683.859,773.063
182.649,684.681,782.195
183.23,685.124,781.218
183.813,686.351,772.114
184.396,691.134,785.241
184.98,691.364,780.003
185.566,696.207,792.8
186.152,693.264,776.824
186.739,693.072,788.857
187.327,697.612,786.461
187.917,698.429,784.101
188.507,702.7,796.83
189.098,703.491,780.748
189.69,701.768,792.265
190.283,708.201,777.2
190.877,712.112,804.154
191.473,712.93,800.156
192.069,711.201,804.13
192.666,717.167,768.164
193.264,716.413,796.715
193.863,719.291,801.73
194.463,717.063,814.568
195.063,718.625,796.437
195.665,725.235,796.018
196.268,728.507,826.546
196.872,723.765,808.945
197.476,726.734,816.58
198.082,736.575,788.128
198.688,731.145,805.125
199.296,743.647,830.066
199.904,739.327,802.096
200.513,747.378,809.951
201.123,748.412,823.484
201.735,750.805,812.745
202.346,746.156,814.881
202.959,747.476,808.676
203.573,763.493,844.598
204.187,754.932,825.138
204.803,756.864,840.895
205.419,763.735,819.079
206.036,763.484,867.199
206.654,762.442,840.104
207.273,761.718,852.865
207.893,774.515,851.661
208.513,764.888,853.337
209.135,776.901,859.792
209.757,776.345,849.302
210.38,783.839,828.523
211.003,775.211,859.538
211.628,789.314,854.727
212.253,787.369,866.266
212.879,785.329,882.746
213.506,798.752,855.993
214.134,788.802,854.511
214.762,788.397,890.984
215.391,797.322,844.657
216.021,794.812,898.716
216.651,805.117,890.492
217.283,804.624,879.891
217.915,808.525,907.308
218.547,804.262,888.189
219.18,808.883,902.515
219.814,813.767,904.583
220.449,816.877,898.658
221.084,815.032,877.362
221.72,823.897,913.417
222.357,823.471,901.971
222.994,823.147,927.393
223.632,826.725,893.452
224.27,828.198,916.828
224.909,844.343,915.415
225.548,834.155,882.136
226.188,833.003,903.307
226.829,849.905,914.08
227.47,832.58,918.353
228.112,833.826,923.206
228.754,843.908,940.878
229.396,847.801,939.194
230.04,843.589,926.487
230.683,854.702,927.072
231.327,855.806,924.465
231.972,850.332,954.822
232.617,854.529,945.515
233.262,862.89,922.445
233.908,866.553,941.888
234.554,868.751,948.366
235.201,859.933,952.682
235.848,864.422,956.281
236.495,864.792,943.272
237.143,874.557,978.586
237.791,884.615,962.548
238.439,869.299,941.436
239.088,870.867,943.333
239.737,888.263,940.686
240.386,887.164,943.292
241.036,875.749,967.888
241.685,885.523,969.338
242.335,878.94,959.098
242.985,879.803,977.304
243.636,895.073,998.254
244.286,902.379,944.803
244.937,892.571,930.803
245.588,881.616,970.726
246.239,882.936,1004.48
246.891,880.814,997.814
247.542,899.66,993.531
248.193,902.556,942.457
248.845,903.621,932.517
249.497,878.663,969.118
250.148,886.733,985.887
250.8,890.099,998.202
251.452,899.55,1002.85
252.104,905.533,951.947
252.756,890.486,948.29
253.408,886.522,976.51
254.059,891.02,964.021
254.711,891.359,1003.06
255.363,907.908,974.98
256.015,888.846,930.301
256.666,887.136,968.481
257.318,892.45,998.497
257.969,888.007,962.421
258.621,899.503,987.491
259.272,905.905,923.314
259.923,881.82,950.17
260.574,880.831,980.69
261.224,887.749,989.162
261.875,895.157,1005.91
262.525,894.059,947.844
263.175,899.123,943.717
263.825,881.565,971.159
264.475,874.545,981.221
265.124,878.978,981.838
265.773,903.801,993.586
266.422,892.655,925.508
267.07,882.526,924.637
267.718,875.088,979.166
268.366,874.377,976.112
269.014,882.22,972.387
269.661,888.656,982.546
270.307,893.049,931.933
270.954,865.831,940.371
271.6,877.49,965.649
272.245,886.851,996.802
272.891,877.248,961.798
273.535,882.878,942.303
274.18,878.95,973.27
274.823,859.09,968.826
275.467,871.784,952.623
276.11,888.093,963.366
276.752,890.034,936.572
277.394,867.988,906.013
278.035,853.956,970.372
278.676,866.924,962.629
279.316,865.332,949.892
279.956,877.877,957.835
280.595,870.35,913.287
281.234,866.471,934.872
281.872,858.745,942.164
282.509,854.993,980.631
283.146,874.676,950.278
283.782,863.149,883.735
284.417,856.183,930.219
285.052,855.308,966.62
285.687,855.257,912.335
286.32,863.727,950.554
286.953,865.777,937.194
287.585,844.292,903.713
288.217,843.369,965.528
288.847,858.477,929.121
289.478,849.689,959.674
290.107,863.952,908.619
290.736,862.259,918.12
291.363,836.064,932.394
291.991,839.649,938.062
292.617,847.844,944.302
293.243,861.704,926.012
293.867,835.195,860.602
294.491,841.698,936.931
295.115,846.148,933.241
295.737,825.995,927.786
296.359,853.154,936.022
296.98,847.548,933.07
297.6,829.389,907.883
298.219,827.164,918.893
298.837,846.398,912.844
299.455,837.586,942.271
300.071,840.064,892.201
300.687,844.953,893.309
301.302,830.545,934.5
301.916,818.4,916.72
302.529,832.86,924.266
303.142,844.226,920.729
303.753,822.91,871.136
304.363,819.142,889.29
304.973,835.822,901.809
305.582,818.877,966.43
306.189,823.172,905.803
306.796,832.14,909.151
307.402,834.877,903.631
308.007,814.126,912.801
308.611,823.4,884.096
309.215,834.376,919.263
309.817,822.2,915.187
310.418,812.853,893.25
311.018,817.786,896.057
311.618,828.863,919.048
312.216,805.747,880.677
312.813,814.147,895.394
313.41,827.818,918.579
314.005,811.22,886.024
314.6,804.801,885.722
315.194,828.715,922.027
315.786,808.562,921.91
316.378,801.824,896.931
316.968,816.333,909.327
317.558,811.095,917.545
318.147,803.698,878.706
318.734,806.48,906.076
319.321,823.741,879.386
319.907,802.412,909.596
320.491,811.748,888.597
321.075,805.073,910.304
321.658,800.289,884.439
322.239,794.72,880.865
322.82,813.851,905.523
323.4,804.702,909.837
323.978,790.851,857.423
324.556,801.443,877.662
325.133,816.821,870.255
325.709,793.179,875.57
326.283,791.156,893.347
326.857,809.137,886.17
327.43,791.651,903.613
328.001,792.718,882.709
328.572,792.409,853.927
329.141,802.15,842.976
329.71,801.012,879.84
330.278,798.44,838.825
330.844,794.435,903.095
331.41,802.508,895.121
331.975,787.12,875.244
332.538,789.894,902.188
333.101,792.444,848.316
333.662,796.022,878.352
334.223,793.618,877.37
334.783,787.586,857.506
335.341,791.182,883.561
335.899,797.767,909.861
336.456,784.853,857.829
337.011,780.356,887.48
337.566,799.554,835.32
338.119,791.895,843.094
338.672,793.957,879.802
339.224,794.814,856.256
339.774,791.622,893.31
340.324,792.733,893.367
340.873,785.889,869.128
341.421,785.254,864.391
341.967,788.02,865.33
342.513,784.709,878.97
343.058,798.452,857.769
343.602,785.506,857.094
344.145,789.679,875.079
344.687,789.361,862.408
345.228,789.003,891.979
345.768,792.436,872.169
346.307,783.457,862.827
346.845,789.365,843.672
347.382,785.442,859.581
347.919,787.744,843.674
348.454,788.551,870.884
348.988,791.611,842.509
349.522,785.959,885.766
350.054,791.078,864.916
350.586,782.325,886.697
351.116,786.51,887.062
351.646,785.588,877.109
352.175,782.476,868.911
352.703,782.035,882.328
353.23,788.158,850.393
353.756,782.006,879.606
354.281,792.388,862.255
354.805,783.39,883.831
355.329,787.997,887.044
355.851,786.849,895.783
356.373,777.763,888.338
356.894,775.529,899.411
357.414,789.853,859.348
357.933,775.396,876.07
358.451,792.171,865.403
358.968,780.239,893.724
359.484,782.582,890.591
360.0,781.942,890.137
0.514709,772.145,868.956
1.02858,781.926,877.285
9.96921e+36,9.96921e+36,9.96921e+36
