#Cannot add temp
#Cannot add altitude
#Cannot add pressure
#Cannot add geopotential
#Cannot add theta
L_S,vl1,vl2
360.0,0.0,0.0
0.514709,886.177,961.629
1.02858,888.351,965.96
1.54161,885.812,970.634
2.05381,883.412,971.436
2.56517,882.275,970.864
3.07571,878.787,957.567
3.58543,875.246,952.126
4.09433,874.001,972.677
4.60242,872.748,990.693
5.1097,876.939,974.359
5.61618,873.289,989.046
6.12186,877.771,982.66
6.62675,879.475,984.215
7.13085,883.028,983.963
7.63416,880.924,979.829
8.1367,878.066,985.927
8.63847,885.673,987.397
9.13947,887.308,990.356
9.63971,886.714,991.882
10.1392,886.672,992.767
10.6379,887.328,989.788
11.1359,882.024,981.16
11.6331,888.249,993.884
12.1296,884.062,996.825
12.6254,884.274,988.461
13.1204,885.312,987.152
13.6148,886.783,1000.46
14.1084,882.718,998.432
14.6013,884.289,986.379
15.0934,886.896,993.556
15.5849,885.156,996.357
16.0757,884.727,986.447
16.5658,887.072,992.614
17.0552,884.256,991.084
17.544,884.378,974.364
18.032,886.995,999.911
18.5194,883.2,994.607
19.0062,881.133,978.066
19.4923,885.698,969.884
19.9777,883.59,982.414
20.4625,879.346,988.56
20.9466,881.257,987.78
21.4301,882.187,985.342
21.913,883.395,984.29
22.3952,881.136,977.488
22.8769,883.391,973.442
23.3579,880.481,972.239
23.8383,878.844,979.725
24.3181,879.098,987.302
24.7973,881.304,989.126
25.276,879.714,980.51
25.754,878.836,964.896
26.2315,880.542,968.187
26.7083,877.45,965.685
27.1847,876.395,961.736
27.6604,875.764,975.051
28.1356,874.526,973.398
28.6103,873.305,972.141
29.0843,871.956,971.776
29.5579,873.04,976.192
30.0309,871.732,975.691
30.5034,870.897,969.882
30.9754,870.423,971.478
31.4468,870.629,973.058
31.9178,869.139,969.14
32.3882,868.838,961.876
32.8582,867.328,965.817
33.3276,866.817,970.109
33.7965,866.036,971.036
34.265,865.86,968.799
34.733,866.393,966.455
35.2005,865.884,967.667
35.6676,865.005,975.022
36.1341,864.136,973.023
36.6003,862.44,972.416
37.066,862.188,972.528
37.5312,861.907,971.071
37.996,861.152,972.212
38.4604,860.259,969.926
38.9243,860.107,961.579
39.3878,858.392,956.343
39.8509,857.324,958.55
40.3136,858.298,961.067
40.7759,857.293,963.658
41.2378,855.104,965.57
41.6993,853.886,963.577
42.1604,854.112,954.872
42.6211,853.158,947.478
43.0815,851.739,947.496
43.5415,851.481,948.959
44.0011,850.919,950.42
44.4604,848.744,948.745
44.9193,847.538,943.536
45.3778,846.287,940.387
45.8361,846.639,939.914
46.2939,845.288,941.434
46.7515,844.045,943.579
47.2087,842.801,939.937
47.6656,841.147,939.537
48.1222,840.799,937.134
48.5785,839.892,930.879
49.0345,838.717,927.442
49.4902,836.657,926.258
49.9456,835.327,928.113
50.4007,835.505,930.257
50.8556,833.632,932.622
51.3102,833.156,931.823
51.7645,831.616,931.345
52.2185,830.233,925.994
52.6723,828.874,919.264
53.1258,827.402,926.828
53.5791,826.804,928.417
54.0322,826.463,922.884
54.485,825.6,916.915
54.9376,823.52,919.536
55.3899,822.745,923.243
55.8421,820.974,922.111
56.294,820.905,919.503
56.7458,818.812,917.555
57.1973,817.676,918.132
57.6486,816.202,913.535
58.0998,815.743,907.516
58.5508,815.83,906.933
59.0016,814.195,913.142
59.4522,814.372,913.888
59.9026,813.408,912.998
60.3529,812.095,911.338
60.8031,809.594,914.099
61.2531,808.595,918.964
61.7029,807.116,915.726
62.1527,806.521,909.989
62.6023,805.415,908.054
63.0517,804.312,899.432
63.5011,803.803,898.165
63.9503,802.11,894.106
64.3994,800.909,888.638
64.8484,800.386,887.14
65.2973,799.901,890.839
65.7462,798.45,892.774
66.1949,798.063,894.997
66.6436,796.441,895.025
67.0922,795.504,894.159
67.5407,792.732,892.756
67.9891,792.6,885.187
68.4375,791.55,877.412
68.8859,791.412,872.95
69.3342,789.739,876.885
69.7824,788.894,879.445
70.2307,787.934,880.03
70.6789,787.36,877.195
71.127,785.714,877.343
71.5752,783.736,877.799
72.0233,782.988,872.977
72.4715,781.215,867.803
72.9196,780.874,868.229
73.3677,779.008,866.815
73.8159,778.278,867.046
74.264,776.702,862.863
74.7122,776.888,859.996
75.1604,774.878,862.91
75.6087,773.479,863.544
76.0569,772.106,861.546
76.5053,771.15,859.319
76.9537,769.727,855.159
77.4021,768.696,853.052
77.8506,767.154,852.288
78.2991,765.468,853.528
78.7478,764.553,853.68
79.1965,763.474,850.614
79.6453,762.754,849.402
80.0941,761.03,847.19
80.5431,760.943,844.606
80.9922,759.03,843.589
81.4414,758.136,843.994
81.8907,756.127,843.051
82.3401,754.849,839.856
82.7896,753.002,834.83
83.2393,751.737,830.39
83.6891,750.617,830.42
84.139,749.256,833.156
84.5891,747.746,833.383
85.0394,746.083,832.948
85.4898,745.149,830.553
85.9403,743.826,826.726
86.391,743.049,822.46
86.8419,741.439,820.885
87.293,740.176,822.001
87.7443,739.008,819.792
88.1957,738.468,817.65
88.6474,736.239,816.11
89.0992,734.538,815.609
89.5513,733.206,816.595
90.0036,732.883,813.927
90.4561,731.708,810.61
90.9088,729.983,812.193
91.3618,728.65,808.943
91.8149,727.106,808.961
92.2684,726.01,808.229
92.7221,724.429,807.268
93.176,723.426,804.325
93.6302,722.014,804.288
94.0846,720.895,803.124
94.5394,718.873,800.185
94.9944,717.798,798.472
95.4497,716.14,795.946
95.9053,715.259,793.333
96.3611,714.013,793.581
96.8173,712.831,791.807
97.2738,711.403,791.126
97.7305,709.885,791.46
98.1876,708.912,791.076
98.6451,707.28,789.364
99.1028,706.219,786.84
99.5609,704.464,784.046
100.019,703.263,780.015
100.478,702.02,777.649
100.937,701.379,775.697
101.397,699.677,773.675
101.857,698.13,774.411
102.317,696.299,774.701
102.777,695.386,773.972
103.238,694.595,772.093
103.7,693.692,769.532
104.161,692.207,766.549
104.623,690.074,769.92
105.086,689.404,771.704
105.549,687.834,772.523
106.012,686.734,769.666
106.476,685.455,766.767
106.94,684.161,762.687
107.405,682.898,759.675
107.87,681.819,759.108
108.335,680.208,759.81
108.801,679.038,762.098
109.268,678.401,761.827
109.735,677.099,759.505
110.202,676.158,756.897
110.67,675.06,755.938
111.138,674.276,756.11
111.607,672.762,755.484
112.076,670.975,753.585
112.546,669.634,749.682
113.016,668.811,746.929
113.487,667.659,747.034
113.958,666.444,748.472
114.43,665.317,747.443
114.902,664.193,748.315
115.375,662.786,747.404
115.848,662.063,745.624
116.322,661.316,741.782
116.796,660.206,741.437
117.271,658.724,740.05
117.747,656.881,738.497
118.223,655.816,737.074
118.7,654.804,736.071
119.177,654.376,736.011
119.655,653.33,735.164
120.133,652.447,735.164
120.612,651.772,734.119
121.092,650.293,734.755
121.572,649.187,735.218
122.053,647.895,732.652
122.534,646.644,731.189
123.016,645.898,729.385
123.499,645.503,728.0
123.982,645.117,726.854
124.466,644.241,726.139
124.95,643.026,725.216
125.435,642.144,725.518
125.921,640.39,727.271
126.408,639.467,727.207
126.895,638.984,724.185
127.383,638.01,723.569
127.871,637.837,724.224
128.36,636.711,725.651
128.85,636.633,725.556
129.34,635.407,722.374
129.832,633.858,715.094
130.324,632.656,706.788
130.816,632.979,712.704
131.309,634.457,714.508
131.803,633.544,714.728
132.298,631.847,713.57
132.794,630.685,710.449
133.29,629.699,708.689
133.787,629.311,707.262
134.285,627.958,706.799
134.783,627.242,704.483
135.282,626.296,704.877
135.782,627.03,706.828
136.283,628.247,704.748
136.784,627.571,705.575
137.286,625.435,704.497
137.789,623.028,704.079
138.293,621.688,701.119
138.798,621.001,702.27
139.303,618.234,704.577
139.809,617.594,702.737
140.316,620.299,701.17
140.824,622.795,697.475
141.333,624.28,696.843
141.842,622.899,699.904
142.352,621.682,700.098
142.863,621.28,695.338
143.375,620.588,695.509
143.888,620.343,697.425
144.401,619.696,696.78
144.916,618.902,697.487
145.431,618.15,698.986
145.947,617.388,697.901
146.464,614.848,694.398
146.982,611.741,689.326
147.5,610.06,685.864
148.02,611.09,684.738
148.54,613.145,680.392
149.061,611.991,678.788
149.584,609.368,679.44
150.107,610.234,686.659
150.631,610.833,692.265
151.155,611.949,689.604
151.681,613.49,686.861
152.208,613.224,687.869
152.735,610.894,691.571
153.264,612.118,694.959
153.793,612.33,686.344
154.323,612.068,682.15
154.855,610.812,686.91
155.387,610.202,686.234
155.92,609.62,685.463
156.454,608.633,685.579
156.989,610.048,688.204
157.524,612.708,682.776
158.061,613.211,673.017
158.599,613.583,675.386
159.138,614.122,670.392
159.677,615.76,672.343
160.218,615.963,673.487
160.76,614.722,663.992
161.302,615.004,664.782
161.846,615.717,673.69
162.39,617.169,678.783
162.935,616.942,683.507
163.482,616.863,689.268
164.029,617.906,694.27
164.577,618.673,696.444
165.127,618.998,691.387
165.677,620.545,689.103
166.228,620.792,686.084
166.781,621.213,691.271
167.334,622.721,696.528
167.888,622.86,701.928
168.443,623.737,701.585
169.0,623.95,693.879
169.557,625.195,698.925
170.115,626.042,696.173
170.674,626.403,698.768
171.234,627.856,702.214
171.796,629.052,700.584
172.358,629.556,701.452
172.921,630.644,705.47
173.485,630.832,710.736
174.05,631.535,707.693
174.617,632.89,706.469
175.184,635.055,711.604
175.752,636.233,716.067
176.321,637.539,709.797
176.892,637.359,715.747
177.463,640.517,713.547
178.035,640.271,720.578
178.608,640.621,724.129
179.183,643.494,724.043
179.758,642.656,723.019
180.334,643.048,725.631
180.911,645.588,724.702
181.49,645.563,733.031
182.069,646.584,731.364
182.649,648.029,726.372
183.23,646.602,737.615
183.813,650.097,730.537
184.396,651.766,734.666
184.98,652.766,741.293
185.566,654.651,734.44
186.152,654.591,744.613
186.739,656.427,735.356
187.327,658.808,744.205
187.917,658.073,752.132
188.507,661.342,747.734
189.098,661.777,740.723
189.69,663.757,746.907
190.283,666.165,718.553
190.877,666.944,723.986
191.473,674.251,746.739
192.069,673.089,753.753
192.666,671.964,754.638
193.264,679.344,731.362
193.863,679.519,758.999
194.463,680.274,766.899
195.063,677.219,768.606
195.665,686.563,752.158
196.268,689.405,771.45
196.872,686.564,762.773
197.476,688.234,756.935
198.082,693.946,776.435
198.688,690.838,765.942
199.296,692.74,783.825
199.904,704.307,747.69
200.513,702.148,761.492
201.123,702.057,782.213
201.735,706.858,763.182
202.346,713.486,752.685
202.959,706.963,758.499
203.573,721.805,785.318
204.187,711.163,759.86
204.803,721.673,771.424
205.419,722.973,790.444
206.036,720.824,777.257
206.654,724.679,793.75
207.273,726.018,794.834
207.893,727.507,791.231
208.513,722.553,797.176
209.135,742.873,804.903
209.757,735.016,826.474
210.38,740.261,806.873
211.003,733.696,821.403
211.628,745.219,818.093
212.253,748.08,811.737
212.879,743.796,790.121
213.506,743.629,819.702
214.134,759.201,819.077
214.762,753.306,828.187
215.391,755.776,835.28
216.021,760.938,827.744
216.651,762.978,843.715
217.283,759.719,842.615
217.915,763.96,829.535
218.547,765.305,847.071
219.18,774.339,858.044
219.814,766.289,852.789
220.449,778.625,821.696
221.084,777.468,844.126
221.72,785.555,847.192
222.357,776.559,844.255
222.994,782.868,882.87
223.632,781.999,848.288
224.27,780.78,879.989
224.909,795.48,856.832
225.548,794.472,888.415
226.188,795.756,886.293
226.829,800.327,872.267
227.47,805.774,905.786
228.112,796.075,881.596
228.754,796.262,876.906
229.396,817.274,871.028
230.04,819.218,919.637
230.683,811.812,874.097
231.327,813.116,891.746
231.972,824.73,874.846
232.617,810.996,886.361
233.262,813.447,910.058
233.908,825.286,859.498
234.554,826.908,888.122
235.201,829.415,900.547
235.848,823.57,941.105
236.495,828.617,910.353
237.143,820.511,941.758
237.791,839.279,932.748
238.439,849.448,917.523
239.088,846.457,901.416
239.737,827.966,910.096
240.386,839.214,930.687
241.036,843.468,936.434
241.685,848.583,950.771
242.335,855.402,884.58
242.985,838.488,893.404
243.636,853.536,947.15
244.286,845.007,913.18
244.937,843.044,950.095
245.588,870.462,917.907
246.239,848.807,897.257
246.891,852.108,921.487
247.542,843.5,970.064
248.193,842.183,943.39
248.845,869.713,964.866
249.497,871.589,928.542
250.148,864.813,887.685
250.8,850.676,937.88
251.452,852.65,945.902
252.104,851.806,989.008
252.756,861.94,951.48
253.408,869.382,926.08
254.059,862.305,918.766
254.711,853.516,940.574
255.363,864.061,955.629
256.015,865.722,933.719
256.666,864.894,944.456
257.318,849.579,940.467
257.969,854.869,930.425
258.621,863.537,953.136
259.272,869.262,932.779
259.923,868.103,929.434
260.574,860.409,926.638
261.224,841.034,937.0
261.875,848.908,953.144
262.525,870.134,940.467
263.175,862.517,936.388
263.825,860.964,915.656
264.475,839.553,948.36
265.124,847.561,934.138
265.773,850.294,968.738
266.422,862.426,954.747
267.07,865.887,902.726
267.718,854.632,890.697
268.366,842.542,946.045
269.014,845.359,947.06
269.661,853.542,946.18
270.307,860.9,899.982
270.954,858.044,930.077
271.6,835.738,911.289
272.245,831.893,931.91
272.891,853.592,954.457
273.535,850.037,935.714
274.18,855.561,903.92
274.823,841.639,928.413
275.467,835.465,939.72
276.11,841.555,927.507
276.752,846.62,928.736
277.394,855.733,889.62
278.035,838.435,895.561
278.676,824.677,941.83
279.316,830.878,912.797
279.956,838.845,942.306
280.595,845.792,890.303
281.234,837.351,873.757
281.872,829.412,922.422
282.509,828.76,926.169
283.146,825.235,913.533
283.782,842.161,917.79
284.417,837.456,879.556
285.052,828.248,893.145
285.687,816.494,922.704
286.32,821.677,904.441
286.953,829.069,921.876
287.585,830.108,891.123
288.217,836.786,858.41
288.847,803.994,911.864
289.478,821.699,905.294
290.107,820.905,938.365
290.736,821.154,902.968
291.363,826.851,879.66
291.991,820.128,877.034
292.617,805.403,899.391
293.243,816.023,899.669
293.867,817.392,903.216
294.491,821.6,907.157
295.115,807.057,848.746
295.737,803.004,877.445
296.359,808.877,926.373
296.98,812.055,895.191
297.6,808.394,885.739
298.219,823.418,888.007
298.837,804.517,872.365
299.455,797.744,899.069
300.071,805.851,863.907
300.687,808.292,908.925
301.302,814.287,871.291
301.916,793.721,866.301
302.529,799.533,884.358
303.142,798.086,911.982
303.753,804.567,868.934
304.363,805.433,902.918
304.973,800.459,877.811
305.582,782.649,904.72
306.189,800.913,864.991
306.796,801.134,915.011
307.402,804.15,832.468
308.007,785.978,891.392
308.611,797.618,876.489
309.215,782.609,894.524
309.817,786.928,868.63
310.418,796.828,878.381
311.018,798.02,847.332
311.618,781.409,860.604
312.216,786.235,847.213
312.813,790.636,867.582
313.41,777.512,894.162
314.005,780.703,841.725
314.6,788.869,883.139
315.194,781.608,858.222
315.786,770.149,845.95
316.378,791.186,863.206
316.968,786.776,886.37
317.558,764.391,839.939
318.147,784.786,876.186
318.734,785.905,878.722
319.321,772.767,841.995
319.907,766.747,862.513
320.491,792.479,869.794
321.075,768.754,871.335
321.658,765.697,863.308
322.239,782.893,828.76
322.82,776.185,848.967
323.4,772.688,823.795
323.978,772.799,847.71
324.556,779.175,843.061
325.133,767.062,866.896
325.709,778.023,829.746
326.283,771.613,837.954
326.857,766.076,852.804
327.43,762.295,847.145
328.001,760.175,860.125
328.572,775.701,853.118
329.141,758.81,855.313
329.71,761.756,854.445
330.278,764.301,827.708
330.844,769.474,859.193
331.41,763.091,817.901
331.975,757.741,826.195
332.538,766.443,852.922
333.101,764.985,858.183
333.662,755.599,865.311
334.223,758.635,806.831
334.783,751.009,787.119
335.341,765.558,840.164
335.899,766.563,820.449
336.456,757.926,821.051
337.011,763.292,816.867
337.566,753.278,879.824
338.119,761.669,840.747
338.672,748.729,846.318
339.224,766.167,814.765
339.774,758.059,838.718
340.324,763.333,811.618
340.873,752.694,812.431
341.421,764.688,852.375
341.967,761.459,832.478
342.513,756.108,859.55
343.058,758.328,822.295
343.602,753.792,802.372
344.145,756.423,843.786
344.687,763.492,803.44
345.228,758.181,840.888
345.768,768.395,841.785
346.307,753.607,828.299
346.845,762.849,851.854
347.382,759.177,834.652
347.919,761.514,848.935
348.454,755.891,819.074
348.988,751.246,840.546
349.522,754.635,794.431
350.054,755.07,826.339
350.586,766.749,845.855
351.116,754.1,839.54
351.646,760.156,824.268
352.175,752.884,839.25
352.703,753.987,832.116
353.23,749.682,838.694
353.756,757.088,850.638
354.281,757.45,832.539
354.805,756.233,838.67
355.329,750.878,842.133
355.851,760.448,826.279
356.373,753.338,833.174
356.894,762.025,845.571
357.414,756.636,835.526
357.933,750.338,838.933
358.451,756.488,835.258
358.968,754.212,851.678
359.484,758.219,843.43
360.0,754.028,848.948
0.514709,751.835,862.546
1.02858,753.556,841.409
1.54161,757.061,864.13
2.05381,752.116,848.069
2.56517,753.652,863.754
3.07571,755.849,864.294
3.58543,753.167,876.359
4.09433,756.491,869.246
4.60242,752.417,841.776
5.1097,755.75,873.489
5.61618,761.262,856.133
6.12186,753.553,870.91
6.62675,762.061,843.818
7.13085,758.981,875.396
7.63416,757.909,867.399
8.1367,758.148,865.059
8.63847,758.93,844.063
9.13947,764.896,857.862
9.63971,761.015,868.087
10.1392,767.456,857.38
10.6379,761.563,866.419
11.1359,759.47,870.263
11.6331,763.831,881.197
12.1296,758.631,863.336
12.6254,764.557,850.284
13.1204,763.609,881.65
13.6148,762.412,868.049
14.1084,762.571,865.411
14.6013,763.668,859.409
15.0934,764.77,875.556
15.5849,764.14,871.726
16.0757,758.498,848.689
16.5658,765.399,844.126
17.0552,771.865,875.795
17.544,763.751,881.868
18.032,761.49,880.87
18.5194,763.98,862.085
19.0062,766.027,873.104
19.4923,764.329,876.387
19.9777,769.955,872.791
20.4625,764.547,867.662
20.9466,770.262,847.203
21.4301,767.552,872.337
21.913,767.978,871.489
22.3952,770.578,872.127
22.8769,765.234,869.495
23.3579,769.307,853.539
23.8383,773.579,882.712
24.3181,766.833,872.516
24.7973,769.187,864.577
25.276,772.476,878.091
25.754,768.35,869.562
26.2315,774.093,868.793
26.7083,770.833,887.742
27.1847,768.545,866.381
27.6604,770.75,855.904
28.1356,774.42,871.685
28.6103,772.414,884.383
29.0843,767.82,865.772
29.5579,768.205,864.856
30.0309,776.474,889.213
30.5034,769.58,881.053
30.9754,765.426,854.549
31.4468,770.261,869.162
31.9178,774.666,894.54
32.3882,767.924,886.911
32.8582,766.531,840.175
33.3276,766.666,856.892
33.7965,774.259,865.041
34.265,769.213,883.594
34.733,768.299,865.362
35.2005,768.158,860.124
35.6676,775.055,862.212
36.1341,771.194,880.958
36.6003,767.697,867.649
37.066,769.129,854.081
37.5312,773.996,867.265
37.996,771.293,865.14
38.4604,767.306,848.671
38.9243,772.676,855.285
39.3878,774.669,880.695
39.8509,768.522,861.94
40.3136,768.831,855.992
40.7759,770.653,857.37
41.2378,773.639,865.232
41.6993,772.875,875.822
42.1604,771.184,858.507
42.6211,772.045,853.634
43.0815,773.86,869.653
43.5415,772.901,865.904
44.0011,771.164,859.956
44.4604,771.079,856.896
44.9193,774.896,863.335
45.3778,774.286,883.497
45.8361,769.799,854.241
46.2939,769.951,854.443
46.7515,774.231,872.005
47.2087,772.82,867.6
47.6656,769.896,857.837
48.1222,770.439,858.138
48.5785,775.491,884.949
49.0345,770.487,872.886
49.4902,767.141,849.393
49.9456,768.571,862.338
50.4007,773.458,869.299
50.8556,769.556,859.602
51.3102,768.844,862.006
51.7645,774.824,869.375
52.2185,769.667,857.734
52.6723,763.522,862.615
53.1258,771.079,866.013
53.5791,772.44,866.424
54.0322,769.67,860.504
54.485,768.887,855.41
54.9376,769.954,861.732
55.3899,768.298,866.789
55.8421,770.565,866.759
56.294,765.247,859.905
56.7458,766.603,856.35
57.1973,770.137,863.367
57.6486,766.329,866.653
58.0998,763.941,857.172
58.5508,766.842,853.857
59.0016,766.165,862.136
59.4522,763.283,861.257
59.9026,763.458,856.333
60.3529,767.15,862.833
60.8031,763.51,862.286
61.2531,760.277,858.701
61.7029,763.446,859.942
62.1527,762.255,862.857
62.6023,757.7,861.754
63.0517,758.262,856.862
63.5011,760.313,854.748
63.9503,761.84,858.406
64.3994,760.992,861.039
64.8484,758.606,856.695
65.2973,757.677,852.805
65.7462,759.537,850.139
66.1949,760.309,853.691
66.6436,757.92,856.634
67.0922,757.11,853.9
67.5407,759.626,853.183
67.9891,761.295,864.128
68.4375,754.041,858.473
68.8859,756.134,851.029
69.3342,759.705,850.659
69.7824,756.99,854.326
70.2307,755.336,854.299
70.6789,754.83,850.578
71.127,756.339,850.189
71.5752,755.921,852.227
72.0233,753.162,852.105
72.4715,753.234,849.396
72.9196,755.568,849.44
73.3677,756.437,856.593
73.8159,752.888,853.593
74.264,753.932,842.396
74.7122,755.524,847.766
75.1604,753.424,855.384
75.6087,751.651,854.782
76.0569,750.336,849.01
76.5053,749.89,847.174
76.9537,749.63,848.18
77.4021,749.024,842.691
77.8506,747.665,840.166
78.2991,747.134,841.879
78.7478,746.659,842.234
79.1965,745.789,841.063
79.6453,745.264,840.823
80.0941,745.937,839.23
80.5431,746.066,837.631
80.9922,746.19,839.452
81.4414,742.979,835.801
81.8907,742.083,834.472
82.3401,741.568,833.643
82.7896,740.777,836.564
83.2393,740.446,834.587
83.6891,741.302,830.738
84.139,740.768,827.836
84.5891,737.964,827.273
85.0394,736.881,828.025
85.4898,738.315,826.986
85.9403,736.862,828.864
86.391,735.534,825.315
86.8419,735.248,825.831
87.293,734.656,823.583
87.7443,733.843,824.648
88.1957,733.094,822.69
88.6474,732.384,822.092
89.0992,731.756,822.55
89.5513,730.463,822.397
90.0036,729.856,819.438
90.4561,729.081,816.563
90.9088,728.831,814.139
91.3618,727.612,814.057
91.8149,725.987,811.775
92.2684,724.859,808.894
92.7221,723.441,807.238
93.176,723.254,808.032
93.6302,722.077,805.718
94.0846,721.14,801.677
94.5394,719.924,798.52
94.9944,719.541,797.566
95.4497,718.957,797.47
95.9053,717.956,798.458
96.3611,716.738,799.952
96.8173,715.589,801.057
97.2738,715.318,800.438
97.7305,715.159,797.759
98.1876,713.796,795.421
98.6451,712.432,796.644
99.1028,711.53,797.746
99.5609,709.978,794.437
100.019,709.351,791.305
100.478,708.488,791.831
100.937,706.989,790.257
101.397,705.692,785.979
101.857,704.896,786.346
102.317,704.24,783.946
102.777,703.198,784.58
103.238,701.577,783.781
103.7,700.055,781.466
104.161,698.715,780.631
104.623,696.919,780.27
105.086,695.448,779.255
105.549,693.754,778.002
106.012,693.117,777.805
106.476,691.976,775.406
106.94,691.328,773.015
107.405,689.443,773.664
107.87,687.722,774.114
108.335,687.274,768.074
108.801,687.278,765.046
109.268,686.211,765.904
109.735,684.483,767.675
110.202,684.017,767.058
110.67,682.833,768.777
111.138,681.246,768.268
111.607,680.604,766.29
112.076,678.796,763.466
112.546,677.329,758.758
113.016,676.085,757.106
113.487,675.25,757.712
113.958,674.122,754.662
114.43,672.748,751.868
114.902,671.131,749.942
115.375,670.101,750.179
115.848,669.666,753.01
116.322,668.791,752.063
116.796,668.254,750.622
117.271,667.294,751.035
117.747,666.501,750.274
118.223,664.935,749.178
118.7,662.806,747.667
119.177,661.615,746.315
119.655,661.378,747.9
120.133,660.384,748.433
120.612,659.289,745.332
121.092,657.904,741.661
121.572,656.395,737.439
122.053,655.227,738.001
122.534,654.696,739.035
123.016,654.574,735.148
123.499,653.135,736.015
123.982,652.509,738.25
124.466,652.386,737.978
124.95,651.799,736.536
125.435,650.806,735.239
125.921,649.153,733.145
126.408,649.934,731.594
126.895,649.589,729.771
127.383,647.499,729.92
127.871,646.748,729.114
128.36,645.454,728.582
128.85,645.13,727.637
129.34,644.564,727.416
129.832,642.46,728.098
130.324,641.936,723.487
130.816,641.892,716.359
131.309,641.029,719.088
131.803,639.859,723.88
132.298,639.107,724.004
132.794,637.894,718.305
133.29,637.514,714.972
133.787,636.022,715.367
134.285,634.506,715.884
134.783,633.777,715.876
135.282,633.452,714.454
135.782,634.661,714.694
136.283,635.342,715.561
136.784,634.189,715.442
137.286,632.9,714.849
137.789,631.9,711.805
138.293,632.262,707.689
138.798,631.319,700.47
139.303,629.181,702.143
139.809,627.484,705.209
140.316,627.403,709.574
140.824,626.223,711.319
141.333,623.379,708.868
141.842,620.842,701.486
142.352,624.093,701.558
142.863,626.992,705.198
143.375,624.306,708.252
143.888,624.764,710.257
144.401,624.09,705.141
144.916,624.425,700.822
145.431,622.626,698.972
145.947,622.68,699.155
146.464,621.091,697.491
146.982,618.61,699.371
147.5,616.714,698.906
148.02,619.377,697.037
148.54,618.088,695.631
149.061,618.116,692.801
149.584,617.919,689.423
150.107,619.312,686.778
150.631,619.45,687.284
151.155,619.346,687.325
151.681,619.788,687.305
152.208,619.831,684.955
152.735,619.097,680.177
153.264,618.956,683.834
153.793,617.684,686.814
154.323,618.546,691.758
154.855,618.547,689.215
155.387,619.436,686.038
155.92,619.445,686.722
156.454,619.034,685.401
156.989,618.623,690.659
157.524,619.711,697.638
158.061,620.239,699.349
158.599,621.002,698.825
159.138,621.541,697.846
159.677,621.337,691.246
160.218,621.779,682.737
160.76,622.075,680.391
161.302,622.882,677.11
161.846,623.672,674.228
162.39,623.918,679.026
162.935,624.419,694.067
163.482,623.896,696.159
164.029,624.454,696.898
164.577,624.53,698.968
165.127,626.256,698.835
165.677,627.497,692.385
166.228,629.524,695.326
166.781,629.776,700.806
167.334,629.588,709.449
167.888,629.779,708.345
168.443,629.426,700.289
169.0,631.1,708.893
169.557,632.976,699.307
170.115,634.645,709.545
170.674,634.578,708.613
171.234,635.544,704.661
171.796,637.946,709.991
172.358,635.299,712.071
172.921,638.476,721.134
173.485,639.919,715.894
174.05,639.75,710.481
174.617,642.166,709.171
175.184,642.667,717.291
175.752,645.163,709.312
176.321,647.016,730.121
176.892,645.305,730.793
177.463,645.962,720.562
178.035,646.926,733.415
178.608,647.547,723.223
179.183,650.648,732.516
179.758,650.564,733.654
180.334,651.118,729.914
180.911,651.356,738.268
181.49,652.605,741.969
182.069,652.345,736.774
182.649,652.744,740.568
183.23,654.534,737.094
183.813,656.253,742.172
184.396,656.576,753.266
184.98,658.053,748.632
185.566,658.528,749.66
186.152,660.382,743.843
186.739,662.069,749.188
187.327,662.491,737.678
187.917,665.692,763.22
188.507,666.333,747.716
189.098,668.953,758.674
189.69,671.282,750.708
190.283,671.504,751.647
190.877,674.6,742.563
191.473,677.036,760.254
192.069,679.174,748.675
192.666,677.006,767.612
193.264,686.846,743.076
193.863,686.02,742.635
194.463,688.069,765.722
195.063,686.464,754.729
195.665,690.38,756.493
196.268,698.621,754.826
196.872,696.028,743.66
197.476,699.984,769.667
198.082,706.756,763.654
198.688,702.387,749.414
199.296,703.34,778.008
199.904,707.327,759.165
200.513,708.04,783.284
201.123,706.762,771.818
201.735,713.583,783.397
202.346,719.0,791.034
202.959,719.101,784.101
203.573,717.365,785.782
204.187,728.569,796.234
204.803,719.759,773.278
205.419,729.139,808.922
206.036,734.693,771.343
206.654,730.049,759.55
207.273,733.009,820.776
207.893,733.871,786.42
208.513,736.44,823.397
209.135,734.845,817.167
209.757,739.495,817.872
210.38,742.019,824.547
211.003,743.935,827.231
211.628,746.706,811.236
212.253,748.507,815.992
212.879,743.883,825.57
213.506,753.382,808.438
214.134,750.651,842.969
214.762,762.702,827.512
215.391,756.874,842.227
216.021,760.294,840.138
216.651,757.264,827.169
217.283,775.155,855.274
217.915,769.191,850.571
218.547,766.519,860.008
219.18,771.334,865.819
219.814,772.833,840.138
220.449,771.135,837.678
221.084,784.127,855.422
221.72,787.442,840.406
222.357,789.513,889.609
222.994,788.211,871.728
223.632,789.779,874.97
224.27,788.638,875.274
224.909,791.14,860.336
225.548,795.603,884.396
226.188,799.973,893.799
226.829,793.469,883.459
227.47,802.054,859.578
228.112,815.577,908.212
228.754,814.003,877.06
229.396,805.848,888.142
230.04,822.869,902.821
230.683,806.444,904.407
231.327,802.873,898.34
231.972,824.758,895.662
232.617,821.079,920.52
233.262,815.914,905.047
233.908,823.022,900.749
234.554,829.682,890.042
235.201,818.714,919.039
235.848,826.238,928.046
236.495,829.359,900.227
237.143,838.866,908.515
237.791,836.801,887.487
238.439,828.829,894.981
239.088,844.599,948.996
239.737,828.661,939.91
240.386,841.234,914.789
241.036,853.983,941.573
241.685,850.026,888.386
242.335,830.861,923.33
242.985,851.431,939.258
243.636,842.671,950.018
244.286,843.967,926.191
244.937,857.12,951.129
245.588,855.968,913.492
246.239,848.103,922.379
246.891,860.69,934.771
247.542,861.866,947.731
248.193,847.156,941.086
248.845,849.056,945.348
249.497,853.746,956.181
250.148,858.645,939.788
250.8,866.979,934.32
251.452,873.409,917.035
252.104,859.682,950.068
252.756,834.137,942.193
253.408,852.673,949.678
254.059,866.174,952.214
254.711,870.717,924.396
255.363,854.442,911.773
256.015,859.222,945.675
256.666,857.135,946.782
257.318,841.36,944.583
257.969,863.604,955.31
258.621,871.212,951.113
259.272,863.48,898.813
259.923,849.217,912.892
260.574,849.07,930.723
261.224,855.564,969.601
261.875,861.264,948.084
262.525,861.105,888.862
263.175,857.085,930.233
263.825,844.961,949.143
264.475,851.391,927.884
265.124,861.245,943.702
265.773,866.288,917.377
266.422,847.527,901.536
267.07,837.208,955.004
267.718,851.089,918.448
268.366,853.398,965.228
269.014,864.817,908.206
269.661,848.512,906.628
270.307,836.345,922.709
270.954,841.43,939.782
271.6,846.906,965.552
272.245,857.234,927.392
272.891,849.733,880.435
273.535,836.403,930.134
274.18,845.221,920.701
274.823,835.588,944.633
275.467,845.833,918.44
276.11,849.831,902.632
276.752,829.886,909.745
277.394,832.136,938.77
278.035,842.704,911.724
278.676,843.728,931.626
279.316,854.096,869.341
279.956,821.671,883.24
280.595,821.22,933.646
281.234,827.358,935.278
281.872,833.05,948.07
282.509,844.215,886.412
283.146,837.735,860.577
283.782,829.738,902.102
284.417,815.049,912.92
285.052,814.555,945.469
285.687,830.54,908.045
286.32,832.217,868.86
286.953,819.065,881.56
287.585,821.236,917.633
288.217,821.18,897.644
288.847,820.012,911.105
289.478,829.516,903.421
290.107,821.88,856.083
290.736,804.341,884.888
291.363,817.257,905.908
291.991,815.374,933.727
292.617,811.88,893.173
293.243,821.006,880.652
293.867,811.862,895.915
294.491,804.781,907.951
295.115,811.108,879.951
295.737,814.788,895.983
296.359,815.678,898.699
296.98,803.238,874.837
297.6,791.745,874.401
298.219,809.151,925.114
298.837,815.491,858.387
299.455,807.606,866.441
300.071,810.734,886.615
300.687,796.387,871.052
301.302,792.009,889.333
301.916,805.547,899.755
302.529,801.515,887.848
303.142,797.241,859.16
303.753,782.685,879.718
304.363,802.12,867.309
304.973,795.895,899.615
305.582,803.344,878.922
306.189,788.413,851.412
306.796,801.542,847.925
307.402,780.512,899.738
308.007,779.697,878.981
308.611,796.427,827.867
309.215,803.482,869.279
309.817,778.798,845.255
310.418,777.761,847.793
311.018,786.493,901.944
311.618,784.043,887.222
312.216,781.443,832.78
312.813,794.686,857.732
313.41,782.12,837.669
314.005,771.864,860.018
314.6,787.794,877.098
315.194,779.426,850.114
315.786,764.339,861.003
316.378,783.051,859.724
316.968,784.426,860.258
317.558,780.083,824.051
318.147,765.754,852.936
318.734,790.832,843.136
319.321,772.47,890.431
319.907,759.422,861.428
320.491,771.22,860.078
321.075,782.805,871.91
321.658,772.564,836.718
322.239,761.634,824.688
322.82,786.683,822.297
323.4,765.379,829.32
323.978,757.375,861.378
324.556,771.235,830.29
325.133,763.311,873.838
325.709,767.091,863.989
326.283,761.463,815.398
326.857,774.942,849.147
327.43,772.201,865.251
328.001,757.231,821.293
328.572,765.019,861.995
329.141,773.242,868.432
329.71,759.176,867.559
330.278,758.148,853.31
330.844,765.077,813.398
331.41,764.012,830.221
331.975,753.555,837.042
332.538,759.215,835.745
333.101,761.757,831.467
333.662,760.409,868.31
334.223,765.007,843.339
334.783,756.419,837.869
335.341,763.152,849.662
335.899,761.056,819.069
336.456,757.268,844.389
337.011,764.0,842.927
337.566,759.182,850.229
338.119,755.004,854.488
338.672,755.042,839.276
339.224,751.661,826.173
339.774,750.515,822.213
340.324,762.182,818.167
340.873,758.388,843.931
341.421,757.546,838.506
341.967,761.572,789.026
342.513,750.53,842.479
343.058,759.535,828.357
343.602,754.108,828.255
344.145,753.449,865.516
344.687,753.701,844.782
345.228,749.436,814.451
345.768,748.444,855.32
346.307,764.089,785.407
346.845,758.055,804.1
347.382,765.213,825.341
347.919,757.234,846.255
348.454,749.236,847.581
348.988,757.523,841.161
349.522,751.106,797.449
350.054,758.225,819.772
350.586,753.189,825.048
351.116,745.408,811.388
351.646,757.156,842.459
352.175,758.393,822.309
352.703,753.405,861.572
353.23,749.193,846.464
353.756,748.431,847.435
354.281,758.419,830.966
354.805,746.538,831.713
355.329,752.366,834.811
355.851,753.452,855.081
356.373,753.121,832.997
356.894,744.772,859.548
357.414,751.69,831.842
357.933,746.697,845.906
358.451,759.567,847.743
358.968,752.215,861.242
359.484,745.953,858.278
360.0,750.916,847.655
0.514709,747.858,853.8
1.02858,758.796,849.914
9.96921e+36,9.96921e+36,9.96921e+36
