#Cannot add temp
#Cannot add altitude
#Cannot add pressure
#Cannot add geopotential
#Cannot add theta
L_S,vl1,vl2
360.0,0.0,0.0
0.514709,950.52,1030.43
1.02858,952.746,1034.25
1.54161,950.251,1039.08
2.05381,947.977,1039.93
2.56517,946.917,1039.73
3.07571,942.979,1027.11
3.58543,938.37,1017.39
4.09433,937.16,1037.31
4.60242,935.629,1062.54
5.1097,941.36,1047.63
5.61618,936.277,1059.3
6.12186,940.652,1056.61
6.62675,943.179,1054.56
7.13085,945.102,1056.42
7.63416,945.277,1065.54
8.1367,943.565,1066.03
8.63847,944.99,1046.21
9.13947,951.308,1059.01
9.63971,947.234,1042.07
10.1392,946.369,1046.25
10.6379,956.336,1080.08
11.1359,948.458,1069.89
11.6331,945.18,1051.57
12.1296,952.654,1054.05
12.6254,946.221,1074.4
13.1204,946.883,1063.83
13.6148,950.634,1071.69
14.1084,949.407,1062.29
14.6013,948.683,1059.36
15.0934,954.335,1051.74
15.5849,950.093,1039.75
16.0757,946.719,1052.36
16.5658,949.005,1061.39
17.0552,947.77,1065.44
17.544,948.513,1053.5
18.032,951.891,1049.29
18.5194,949.408,1045.26
19.0062,949.879,1055.65
19.4923,948.618,1062.64
19.9777,946.55,1056.18
20.4625,946.112,1048.89
20.9466,948.295,1051.71
21.4301,947.279,1051.09
21.913,945.118,1040.04
22.3952,949.952,1051.24
22.8769,944.614,1056.14
23.3579,942.717,1048.74
23.8383,946.795,1055.42
24.3181,942.94,1052.0
24.7973,943.214,1045.58
25.276,946.658,1049.08
25.754,942.754,1044.49
26.2315,942.043,1040.01
26.7083,941.268,1049.09
27.1847,939.311,1046.24
27.6604,939.401,1049.8
28.1356,941.121,1046.84
28.6103,940.634,1037.77
29.0843,938.598,1026.78
29.5579,936.089,1036.04
30.0309,935.695,1038.06
30.5034,935.063,1044.86
30.9754,935.142,1045.11
31.4468,934.678,1039.91
31.9178,934.581,1041.79
32.3882,934.58,1045.01
32.8582,933.597,1048.36
33.3276,933.833,1047.64
33.7965,932.719,1050.8
34.265,932.833,1053.17
34.733,929.972,1041.14
35.2005,929.969,1029.87
35.6676,930.526,1026.4
36.1341,929.195,1028.07
36.6003,927.194,1035.09
37.066,927.388,1038.33
37.5312,926.613,1036.12
37.996,927.168,1034.9
38.4604,926.095,1033.39
38.9243,923.777,1031.42
39.3878,922.802,1031.6
39.8509,923.09,1029.64
40.3136,920.94,1027.12
40.7759,918.297,1025.26
41.2378,919.425,1024.6
41.6993,920.189,1019.06
42.1604,918.759,1020.09
42.6211,915.784,1022.99
43.0815,916.515,1021.67
43.5415,916.54,1020.73
44.0011,914.12,1021.79
44.4604,913.497,1021.84
44.9193,913.841,1019.13
45.3778,911.245,1017.19
45.8361,910.454,1015.99
46.2939,910.189,1011.09
46.7515,908.64,1009.66
47.2087,906.278,1009.85
47.6656,905.471,1004.04
48.1222,904.391,999.233
48.5785,904.481,1000.55
49.0345,901.357,1006.48
49.4902,902.11,1005.61
49.9456,899.931,1002.87
50.4007,898.158,1002.28
50.8556,897.084,999.174
51.3102,895.917,997.079
51.7645,894.974,997.107
52.2185,894.506,999.044
52.6723,894.209,995.102
53.1258,892.156,990.985
53.5791,890.706,992.062
54.0322,888.244,996.622
54.485,887.905,997.854
54.9376,886.723,995.712
55.3899,886.222,991.981
55.8421,884.417,988.668
56.294,882.02,983.276
56.7458,879.855,981.182
57.1973,879.166,986.961
57.6486,879.252,983.804
58.0998,877.719,984.293
58.5508,879.09,983.475
59.0016,875.536,984.007
59.4522,873.956,987.979
59.9026,873.192,990.806
60.3529,872.262,990.248
60.8031,872.551,984.88
61.2531,872.733,979.443
61.7029,870.894,976.196
62.1527,870.111,976.092
62.6023,868.034,979.329
63.0517,866.817,976.89
63.5011,866.288,972.463
63.9503,864.867,965.088
64.3994,863.773,956.199
64.8484,863.82,953.982
65.2973,863.01,959.75
65.7462,861.518,963.417
66.1949,860.05,963.213
66.6436,859.772,963.01
67.0922,858.964,963.456
67.5407,857.755,962.778
67.9891,856.285,958.261
68.4375,854.875,948.889
68.8859,854.229,939.915
69.3342,852.522,936.645
69.7824,850.97,939.633
70.2307,850.057,944.302
70.6789,849.711,945.134
71.127,847.751,943.937
71.5752,846.254,943.888
72.0233,844.722,945.308
72.4715,844.228,945.278
72.9196,842.378,939.839
73.3677,841.768,933.336
73.8159,840.537,929.797
74.264,839.494,930.859
74.7122,838.498,933.477
75.1604,837.518,932.69
75.6087,835.891,928.156
76.0569,834.405,924.031
76.5053,833.798,921.768
76.9537,832.326,920.3
77.4021,831.557,921.954
77.8506,830.285,922.583
78.2991,829.15,923.633
78.7478,827.263,920.701
79.1965,826.864,916.776
79.6453,825.228,912.911
80.0941,824.051,911.653
80.5431,822.105,910.427
80.9922,820.631,907.284
81.4414,818.579,904.938
81.8907,818.291,902.937
82.3401,816.757,902.371
82.7896,816.04,903.856
83.2393,813.937,902.866
83.6891,812.979,901.477
84.139,811.486,898.205
84.5891,810.191,897.678
85.0394,809.232,897.275
85.4898,808.11,896.371
85.9403,807.411,896.867
86.391,805.777,892.587
86.8419,804.909,893.772
87.293,802.825,892.549
87.7443,800.88,890.044
88.1957,799.046,887.754
88.6474,797.497,884.373
89.0992,795.346,882.447
89.5513,794.407,881.387
90.0036,793.529,879.95
90.4561,791.752,878.139
90.9088,790.134,874.617
91.3618,789.55,873.296
91.8149,788.173,874.29
92.2684,786.58,875.057
92.7221,785.11,872.996
93.176,784.143,870.981
93.6302,783.054,869.221
94.0846,782.113,866.588
94.5394,780.987,862.755
94.9944,779.236,860.926
95.4497,777.764,860.634
95.9053,775.795,860.098
96.3611,774.74,860.86
96.8173,773.294,860.997
97.2738,771.986,860.018
97.7305,770.495,858.787
98.1876,769.119,855.348
98.6451,767.818,852.513
99.1028,767.406,852.044
99.5609,766.006,850.378
100.019,764.57,849.673
100.478,762.924,850.278
100.937,761.616,849.302
101.397,760.69,846.9
101.857,759.403,843.114
102.317,758.33,839.977
102.777,756.651,838.352
103.238,755.684,838.271
103.7,754.517,836.516
104.161,753.174,836.008
104.623,750.937,834.155
105.086,749.774,834.387
105.549,748.67,834.457
106.012,747.395,834.403
106.476,745.983,833.637
106.94,744.746,831.711
107.405,743.465,829.294
107.87,741.868,825.79
108.335,740.745,824.611
108.801,739.552,821.936
109.268,738.824,819.246
109.735,737.16,820.508
110.202,736.052,820.796
110.67,734.315,822.01
111.138,733.098,823.215
111.607,732.702,821.219
112.076,731.637,819.685
112.546,730.479,819.393
113.016,728.413,818.179
113.487,727.214,817.176
113.958,726.018,815.612
114.43,724.779,814.793
114.902,723.411,812.378
115.375,722.934,807.011
115.848,721.518,806.241
116.322,720.119,802.035
116.796,719.18,801.04
117.271,717.588,801.231
117.747,717.01,802.153
118.223,715.726,802.485
118.7,713.85,802.422
119.177,713.256,796.314
119.655,712.611,790.965
120.133,711.914,790.808
120.612,710.714,790.588
121.092,709.328,795.13
121.572,708.68,798.248
122.053,706.841,798.873
122.534,705.992,796.491
123.016,705.171,796.659
123.499,703.743,797.16
123.982,703.046,794.315
124.466,702.046,792.423
124.95,702.09,792.187
125.435,700.9,792.621
125.921,699.926,793.393
126.408,699.778,790.599
126.895,697.26,787.198
127.383,695.925,780.68
127.871,695.481,777.731
128.36,695.158,781.757
128.85,695.642,779.772
129.34,693.801,778.14
129.832,693.789,776.223
130.324,694.521,778.013
130.816,693.271,780.759
131.309,692.81,777.876
131.803,691.422,775.732
132.298,689.855,775.68
132.794,687.961,773.843
133.29,685.641,773.124
133.787,685.588,770.918
134.285,685.607,771.985
134.783,685.032,769.664
135.282,684.881,767.337
135.782,682.763,767.903
136.283,682.158,765.203
136.784,682.364,767.583
137.286,681.967,769.44
137.789,681.098,765.032
138.293,680.766,768.201
138.798,680.174,769.402
139.303,680.628,767.823
139.809,681.747,761.269
140.316,681.142,759.994
140.824,677.825,764.311
141.333,675.906,761.762
141.842,677.115,760.216
142.352,676.425,760.988
142.863,673.201,764.554
143.375,668.156,767.359
143.888,669.176,769.287
144.401,669.15,768.354
144.916,668.99,759.743
145.431,670.958,761.975
145.947,672.533,762.08
146.464,673.372,757.844
146.982,673.466,752.292
147.5,673.57,749.768
148.02,672.334,753.935
148.54,671.236,752.174
149.061,669.531,746.177
149.584,667.104,744.201
150.107,666.7,745.273
150.631,668.029,742.551
151.155,667.81,738.724
151.681,666.577,735.131
152.208,669.228,734.243
152.735,674.526,742.711
153.264,670.973,747.967
153.793,668.853,740.39
154.323,668.699,737.01
154.855,669.17,736.903
155.387,670.305,739.147
155.92,671.453,742.141
156.454,672.293,739.615
156.989,674.222,743.823
157.524,674.609,750.059
158.061,674.203,739.965
158.599,673.254,744.511
159.138,673.639,748.685
159.677,674.207,745.875
160.218,673.842,746.853
160.76,675.141,745.242
161.302,673.973,746.79
161.846,674.923,750.199
162.39,675.149,749.316
162.935,674.597,752.87
163.482,674.632,753.396
164.029,675.788,751.276
164.577,675.697,750.911
165.127,676.868,756.169
165.677,677.334,757.654
166.228,677.385,753.324
166.781,678.504,750.53
167.334,678.867,754.328
167.888,679.693,749.759
168.443,681.075,764.844
169.0,681.147,759.688
169.557,682.83,763.495
170.115,683.037,760.828
170.674,684.141,762.286
171.234,685.582,759.997
171.796,685.604,768.77
172.358,687.046,764.931
172.921,687.909,772.454
173.485,688.121,763.326
174.05,689.013,770.753
174.617,691.744,768.795
175.184,691.172,774.299
175.752,693.014,774.271
176.321,693.928,778.938
176.892,695.205,774.017
177.463,695.764,780.833
178.035,697.676,778.343
178.608,698.086,784.375
179.183,701.032,783.536
179.758,701.855,788.906
180.334,701.731,786.379
180.911,702.236,784.329
181.49,701.45,795.041
182.069,703.698,789.51
182.649,703.914,800.821
183.23,705.809,802.98
183.813,706.193,794.728
184.396,707.064,809.844
184.98,707.922,795.572
185.566,711.119,795.519
186.152,712.353,792.552
186.739,713.159,805.455
187.327,714.901,810.369
187.917,715.803,804.033
188.507,723.73,812.931
189.098,720.621,797.618
189.69,726.505,816.244
190.283,725.339,812.133
190.877,722.772,808.925
191.473,726.192,811.769
192.069,729.29,788.757
192.666,730.5,793.594
193.264,735.434,826.056
193.863,736.727,819.764
194.463,739.124,816.23
195.063,737.125,800.919
195.665,743.126,796.336
196.268,748.132,821.228
196.872,743.821,835.013
197.476,746.699,815.643
198.082,746.567,828.742
198.688,757.607,836.792
199.296,753.114,833.813
199.904,755.234,802.586
200.513,757.286,837.96
201.123,768.755,811.942
201.735,761.683,865.852
202.346,764.125,855.985
202.959,765.7,840.928
203.573,769.525,844.827
204.187,771.004,856.499
204.803,784.423,862.75
205.419,778.285,834.928
206.036,776.694,864.05
206.654,791.005,861.067
207.273,784.664,861.536
207.893,779.912,874.335
208.513,797.125,862.547
209.135,787.563,862.554
209.757,801.874,883.633
210.38,792.656,879.237
211.003,802.13,882.304
211.628,797.74,888.727
212.253,797.41,852.473
212.879,813.575,905.612
213.506,807.063,891.443
214.134,806.058,892.899
214.762,809.062,905.198
215.391,817.86,894.886
216.021,817.391,898.54
216.651,817.647,904.546
217.283,828.271,889.158
217.915,818.348,905.088
218.547,827.462,878.713
219.18,826.962,908.866
219.814,841.23,925.439
220.449,831.533,916.455
221.084,838.646,938.431
221.72,841.806,911.303
222.357,840.831,944.355
222.994,834.439,923.036
223.632,844.677,925.698
224.27,859.565,952.752
224.909,843.625,928.016
225.548,845.379,930.989
226.188,869.885,946.314
226.829,860.986,928.631
227.47,851.045,892.288
228.112,859.605,949.149
228.754,874.927,938.821
229.396,854.305,946.553
230.04,868.367,977.674
230.683,887.068,992.404
231.327,864.554,947.28
231.972,873.417,949.975
232.617,897.868,1003.91
233.262,873.902,978.919
233.908,875.893,948.406
234.554,894.09,1014.18
235.201,885.17,987.711
235.848,887.933,966.237
236.495,902.055,1000.68
237.143,904.052,1008.36
237.791,891.975,984.445
238.439,905.408,986.268
239.088,904.812,995.819
239.737,887.528,969.539
240.386,907.562,996.609
241.036,920.885,992.957
241.685,903.783,972.09
242.335,896.914,984.21
242.985,912.884,1005.63
243.636,914.056,1013.98
244.286,904.956,990.974
244.937,909.708,1016.65
245.588,929.986,996.892
246.239,924.779,1003.0
246.891,914.135,968.248
247.542,913.107,1025.77
248.193,911.587,1030.63
248.845,915.251,1019.74
249.497,932.87,976.871
250.148,937.21,987.782
250.8,936.096,967.953
251.452,919.512,1001.98
252.104,899.011,1039.63
252.756,909.712,1044.98
253.408,932.34,1021.39
254.059,945.579,1002.63
254.711,931.637,968.974
255.363,933.447,978.306
256.015,918.744,1003.02
256.666,904.034,1039.58
257.318,924.0,1040.54
257.969,938.703,1017.01
258.621,933.372,948.024
259.272,924.292,995.702
259.923,918.451,1001.06
260.574,914.122,1028.78
261.224,928.079,1018.91
261.875,928.001,985.829
262.525,926.785,1000.36
263.175,914.73,1011.19
263.825,921.618,980.544
264.475,924.488,1023.1
265.124,931.187,985.746
265.773,916.252,1005.45
266.422,917.381,1040.44
267.07,923.083,998.779
267.718,915.317,1009.36
268.366,933.234,994.74
269.014,922.471,961.897
269.661,921.493,1002.68
270.307,909.077,1019.76
270.954,895.679,1000.08
271.6,916.126,1045.22
272.245,926.285,1004.53
272.891,930.69,933.756
273.535,925.549,967.211
274.18,912.398,992.89
274.823,889.089,1026.91
275.467,894.889,1011.27
276.11,918.65,1013.05
276.752,925.134,966.234
277.394,912.084,940.562
278.035,896.272,987.93
278.676,908.261,1001.47
279.316,895.699,1011.77
279.956,893.7,1020.65
280.595,916.144,974.855
281.234,907.109,956.762
281.872,908.213,969.997
282.509,893.605,968.514
283.146,880.21,1009.48
283.782,891.078,983.568
284.417,904.338,998.571
285.052,914.097,916.14
285.687,892.325,938.487
286.32,891.536,980.961
286.953,883.439,978.979
287.585,881.567,1016.88
288.217,896.141,1001.07
288.847,907.054,910.832
289.478,879.009,933.459
290.107,884.69,977.372
290.736,883.099,995.721
291.363,879.936,996.876
291.991,891.983,925.694
292.617,888.447,932.653
293.243,862.924,982.56
293.867,883.973,956.572
294.491,887.413,966.095
295.115,887.671,979.039
295.737,881.93,938.41
296.359,867.619,942.086
296.98,867.832,994.869
297.6,877.42,945.099
298.219,883.333,959.592
298.837,882.624,926.245
299.455,869.576,928.289
300.071,858.73,965.561
300.687,864.798,964.832
301.302,867.924,981.406
301.916,878.266,945.588
302.529,847.625,892.638
303.142,869.368,948.133
303.753,886.466,971.371
304.363,861.676,925.718
304.973,856.553,916.936
305.582,869.94,978.936
306.189,852.185,991.749
306.796,851.477,930.785
307.402,867.893,938.266
308.007,880.222,975.007
308.611,852.266,914.764
309.215,852.106,929.09
309.817,876.455,965.76
310.418,846.781,980.295
311.018,844.085,950.375
311.618,859.775,953.64
312.216,860.697,971.364
312.813,850.302,928.899
313.41,849.529,931.238
314.005,869.91,946.643
314.6,843.684,950.614
315.194,839.004,929.524
315.786,858.891,954.087
316.378,849.52,941.841
316.968,834.097,933.481
317.558,852.55,945.913
318.147,856.448,961.402
318.734,832.883,908.324
319.321,836.449,921.471
319.907,862.341,935.018
320.491,842.416,906.182
321.075,831.317,923.333
321.658,845.186,935.1
322.239,833.918,968.534
322.82,829.227,950.303
323.4,831.616,935.738
323.978,842.48,926.81
324.556,843.611,918.216
325.133,838.82,901.436
325.709,834.417,898.921
326.283,841.684,948.304
326.857,830.208,932.511
327.43,828.036,915.029
328.001,824.451,944.757
328.572,836.87,887.784
329.141,833.594,918.222
329.71,832.153,892.383
330.278,828.667,910.978
330.844,835.577,924.253
331.41,823.948,938.041
331.975,824.889,916.757
332.538,822.997,930.001
333.101,832.118,912.4
333.662,823.502,882.404
334.223,832.006,924.247
334.783,830.683,895.104
335.341,822.267,936.895
335.899,828.987,929.796
336.456,827.019,894.636
337.011,823.525,909.539
337.566,822.802,880.098
338.119,817.408,919.978
338.672,836.867,896.295
339.224,820.995,902.292
339.774,834.665,918.393
340.324,821.633,920.735
340.873,824.951,899.881
341.421,815.515,925.239
341.967,822.518,880.791
342.513,817.724,914.519
343.058,830.77,919.703
343.602,820.556,880.407
344.145,828.876,925.475
344.687,831.094,909.867
345.228,817.195,904.897
345.768,821.886,931.021
346.307,823.716,896.432
346.845,823.999,895.872
347.382,820.694,890.173
347.919,823.431,912.413
348.454,818.841,931.971
348.988,819.976,905.72
349.522,812.49,920.725
350.054,827.448,910.082
350.586,819.687,906.69
351.116,819.991,898.741
351.646,814.602,920.513
352.175,821.371,912.191
352.703,816.041,896.306
353.23,819.026,881.274
353.756,821.546,893.185
354.281,823.839,903.627
354.805,818.828,921.277
355.329,815.154,921.49
355.851,816.31,920.724
356.373,809.978,919.258
356.894,817.667,925.326
357.414,813.481,891.07
357.933,812.728,924.114
358.451,822.503,898.281
358.968,817.878,932.255
359.484,815.667,913.033
360.0,811.289,932.314
0.514709,813.821,933.163
1.02858,817.493,927.695
1.54161,810.702,934.188
2.05381,818.49,926.033
2.56517,813.463,925.24
3.07571,819.022,929.873
3.58543,818.022,949.86
4.09433,812.814,936.789
4.60242,813.468,940.831
5.1097,818.221,909.025
5.61618,818.633,927.915
6.12186,828.614,894.324
6.62675,821.586,908.732
7.13085,831.676,918.069
7.63416,822.306,945.578
8.1367,818.989,941.135
8.63847,816.94,937.293
9.13947,822.36,925.042
9.63971,826.315,926.727
10.1392,833.238,921.248
10.6379,824.795,931.311
11.1359,828.109,916.713
11.6331,826.393,940.318
12.1296,820.483,941.348
12.6254,822.582,925.909
13.1204,827.711,923.755
13.6148,827.875,913.26
14.1084,828.108,942.688
14.6013,826.325,932.059
15.0934,831.753,930.728
15.5849,824.951,961.216
16.0757,821.432,931.414
16.5658,823.763,917.614
17.0552,833.913,920.48
17.544,830.626,954.273
18.032,825.83,940.014
18.5194,825.892,906.66
19.0062,829.291,927.938
19.4923,834.508,939.921
19.9777,824.919,930.024
20.4625,829.484,909.138
20.9466,833.288,948.246
21.4301,830.977,947.061
21.913,826.843,933.081
22.3952,831.867,921.642
22.8769,832.456,944.875
23.3579,833.557,946.031
23.8383,832.549,942.696
24.3181,828.473,946.759
24.7973,835.259,935.396
25.276,836.042,949.276
25.754,830.592,939.947
26.2315,832.91,926.078
26.7083,839.284,936.805
27.1847,830.938,952.627
27.6604,830.484,924.29
28.1356,836.0,932.575
28.6103,836.383,947.725
29.0843,832.646,941.918
29.5579,831.257,933.284
30.0309,835.726,937.303
30.5034,838.774,954.121
30.9754,833.041,948.04
31.4468,828.128,927.333
31.9178,833.509,935.034
32.3882,840.508,957.304
32.8582,829.114,937.352
33.3276,828.28,935.541
33.7965,838.919,946.366
34.265,832.723,944.162
34.733,828.05,927.831
35.2005,832.541,931.884
35.6676,838.969,952.611
36.1341,830.598,946.096
36.6003,828.722,926.575
37.066,833.775,929.181
37.5312,836.492,947.648
37.996,830.974,928.095
38.4604,829.061,922.484
38.9243,836.875,936.594
39.3878,836.657,965.788
39.8509,829.127,943.984
40.3136,829.169,914.846
40.7759,831.521,929.518
41.2378,836.764,943.762
41.6993,831.275,930.106
42.1604,829.137,920.968
42.6211,834.68,941.653
43.0815,836.202,947.991
43.5415,826.171,918.973
44.0011,826.449,927.129
44.4604,834.75,936.707
44.9193,834.167,939.828
45.3778,829.454,926.77
45.8361,834.398,929.108
46.2939,838.361,949.788
46.7515,832.648,918.449
47.2087,828.541,926.573
47.6656,835.843,941.42
48.1222,836.152,944.024
48.5785,830.78,925.404
49.0345,827.137,930.662
49.4902,832.951,932.455
49.9456,831.206,941.676
50.4007,828.833,922.093
50.8556,828.582,920.778
51.3102,835.216,934.581
51.7645,833.135,930.466
52.2185,828.567,930.16
52.6723,832.989,929.768
53.1258,836.042,934.915
53.5791,830.574,931.674
54.0322,829.401,926.441
54.485,829.368,926.829
54.9376,828.73,927.946
55.3899,829.4,929.355
55.8421,829.52,929.065
56.294,826.666,924.838
56.7458,827.472,924.541
57.1973,829.076,932.188
57.6486,827.203,933.049
58.0998,822.503,930.661
58.5508,824.573,931.521
59.0016,822.939,931.799
59.4522,822.953,931.554
59.9026,821.787,929.702
60.3529,821.64,926.347
60.8031,820.12,924.043
61.2531,822.356,921.596
61.7029,824.474,925.702
62.1527,823.856,928.856
62.6023,820.203,927.891
63.0517,819.37,930.971
63.5011,819.942,921.246
63.9503,821.881,922.473
64.3994,824.533,937.378
64.8484,820.362,933.185
65.2973,818.426,923.263
65.7462,818.489,913.393
66.1949,821.792,913.081
66.6436,819.993,922.368
67.0922,818.928,925.855
67.5407,817.223,924.746
67.9891,819.225,924.524
68.4375,820.776,932.714
68.8859,817.367,924.565
69.3342,814.756,917.355
69.7824,816.998,915.835
70.2307,817.241,915.821
70.6789,815.175,917.91
71.127,816.207,919.174
71.5752,816.256,916.895
72.0233,814.732,917.396
72.4715,815.583,922.179
72.9196,814.207,922.606
73.3677,812.876,917.138
73.8159,814.642,916.271
74.264,814.648,916.624
74.7122,811.668,913.582
75.1604,809.644,912.804
75.6087,810.648,910.773
76.0569,812.535,914.48
76.5053,811.46,917.423
76.9537,808.773,912.589
77.4021,809.104,909.443
77.8506,808.573,905.333
78.2991,807.245,910.746
78.7478,807.341,910.048
79.1965,805.799,908.314
79.6453,806.222,906.617
80.0941,805.718,902.44
80.5431,804.789,900.581
80.9922,803.024,900.712
81.4414,802.782,902.184
81.8907,801.218,903.196
82.3401,800.294,903.019
82.7896,801.298,899.974
83.2393,802.918,897.008
83.6891,800.817,899.288
84.139,799.602,893.773
84.5891,797.506,891.772
85.0394,796.408,889.915
85.4898,796.531,892.727
85.9403,797.257,896.006
86.391,796.713,891.558
86.8419,795.242,888.134
87.293,793.658,888.997
87.7443,792.638,891.31
88.1957,792.721,891.847
88.6474,791.682,888.501
89.0992,791.036,887.005
89.5513,790.083,885.441
90.0036,789.359,886.464
90.4561,788.227,885.434
90.9088,787.258,879.062
91.3618,785.953,879.572
91.8149,785.083,879.431
92.2684,785.201,876.818
92.7221,783.946,872.39
93.176,782.532,872.387
93.6302,781.915,876.619
94.0846,780.756,878.214
94.5394,779.081,872.485
94.9944,778.405,864.836
95.4497,776.771,863.459
95.9053,775.908,866.806
96.3611,775.907,865.41
96.8173,776.002,865.541
97.2738,774.826,867.432
97.7305,774.149,869.066
98.1876,773.312,865.174
98.6451,773.142,861.565
99.1028,772.127,862.805
99.5609,770.425,860.763
100.019,768.533,857.446
100.478,767.339,852.415
100.937,766.689,851.076
101.397,766.052,852.98
101.857,765.244,851.813
102.317,764.107,850.872
102.777,762.72,850.122
103.238,760.92,850.025
103.7,759.893,850.069
104.161,758.643,849.928
104.623,757.643,845.732
105.086,756.117,841.347
105.549,754.786,841.122
106.012,753.135,839.875
106.476,751.935,840.861
106.94,750.71,839.044
107.405,749.718,836.951
107.87,749.252,837.861
108.335,747.95,835.747
108.801,745.478,832.014
109.268,744.187,828.929
109.735,744.08,826.769
110.202,743.892,825.548
110.67,741.692,826.986
111.138,740.741,825.631
111.607,738.937,825.344
112.076,737.74,827.69
112.546,737.073,827.119
113.016,735.342,825.146
113.487,733.896,823.847
113.958,734.145,822.244
114.43,732.929,821.717
114.902,731.459,818.781
115.375,729.907,814.229
115.848,728.159,811.597
116.322,727.137,813.643
116.796,726.777,816.565
117.271,725.476,816.761
117.747,723.963,816.159
118.223,722.462,817.433
118.7,722.023,817.725
119.177,721.116,815.818
119.655,719.99,813.117
120.133,719.262,810.23
120.612,718.374,808.128
121.092,717.176,805.429
121.572,715.952,804.966
122.053,715.171,806.015
122.534,713.751,807.739
123.016,712.492,806.903
123.499,712.352,803.496
123.982,711.342,799.652
124.466,711.363,794.443
124.95,710.675,789.659
125.435,709.648,789.614
125.921,708.645,799.839
126.408,708.156,798.83
126.895,707.234,793.905
127.383,705.056,794.202
127.871,704.915,794.462
128.36,703.971,795.179
128.85,703.46,794.062
129.34,704.047,792.439
129.832,702.64,791.777
130.324,701.112,792.969
130.816,699.992,795.154
131.309,697.955,797.667
131.803,697.832,788.171
132.298,698.831,776.042
132.794,697.633,779.377
133.29,697.04,781.346
133.787,694.208,782.418
134.285,693.399,784.373
134.783,692.041,784.23
135.282,691.422,781.629
135.782,690.827,779.439
136.283,689.122,780.428
136.784,687.541,775.065
137.286,686.341,770.868
137.789,687.671,772.872
138.293,688.212,777.223
138.798,687.844,778.06
139.303,690.607,773.366
139.809,691.233,775.904
140.316,689.675,775.55
140.824,686.864,773.466
141.333,684.586,772.818
141.842,684.521,774.589
142.352,685.392,777.656
142.863,685.735,773.515
143.375,685.227,771.738
143.888,682.269,770.679
144.401,679.494,765.339
144.916,674.515,767.433
145.431,674.154,773.966
145.947,676.253,779.955
146.464,679.269,783.683
146.982,678.89,783.347
147.5,678.545,765.95
148.02,679.207,765.268
148.54,679.383,769.672
149.061,680.345,763.842
149.584,679.4,750.779
150.107,678.194,750.04
150.631,677.412,753.475
151.155,678.582,757.25
151.681,679.85,761.252
152.208,679.466,761.388
152.735,679.574,760.903
153.264,679.63,761.771
153.793,678.884,760.482
154.323,679.242,758.54
154.855,680.084,757.889
155.387,679.287,754.347
155.92,679.873,749.072
156.454,680.774,748.153
156.989,681.094,746.245
157.524,680.326,746.602
158.061,679.416,742.943
158.599,680.037,743.863
159.138,680.843,746.06
159.677,681.835,753.904
160.218,681.603,759.759
160.76,680.552,758.497
161.302,681.786,753.38
161.846,681.591,751.57
162.39,683.685,760.505
162.935,683.47,763.232
163.482,683.222,768.178
164.029,684.182,768.738
164.577,684.198,765.148
165.127,685.592,765.332
165.677,686.026,759.174
166.228,686.042,753.64
166.781,688.259,766.805
167.334,687.239,768.613
167.888,687.826,761.65
168.443,688.45,770.149
169.0,687.421,772.62
169.557,691.117,764.912
170.115,691.844,774.022
170.674,691.435,774.929
171.234,693.774,768.517
171.796,693.453,764.932
172.358,695.53,778.64
172.921,695.877,777.347
173.485,696.773,780.261
174.05,698.351,782.801
174.617,699.302,777.494
175.184,700.442,779.402
175.752,703.16,783.969
176.321,701.857,791.697
176.892,703.229,787.75
177.463,702.464,789.599
178.035,703.326,787.671
178.608,706.598,793.588
179.183,706.142,800.262
179.758,707.262,792.63
180.334,706.601,799.364
180.911,708.689,801.488
181.49,708.983,798.551
182.069,709.461,801.111
182.649,710.992,800.004
183.23,711.14,803.618
183.813,713.688,809.128
184.396,716.442,809.335
184.98,714.275,804.444
185.566,718.651,808.66
186.152,716.98,824.508
186.739,719.293,827.084
187.327,720.087,798.985
187.917,725.639,822.708
188.507,728.118,818.143
189.098,723.903,830.663
189.69,726.704,821.282
190.283,735.486,835.851
190.877,730.717,811.749
191.473,731.946,819.138
192.069,733.15,816.9
192.666,738.655,815.831
193.264,738.216,824.54
193.863,745.604,834.879
194.463,747.121,802.055
195.063,747.378,806.471
195.665,748.422,832.079
196.268,752.201,816.313
196.872,752.829,827.392
197.476,763.026,845.32
198.082,758.776,820.746
198.688,756.677,833.681
199.296,771.964,826.589
199.904,759.918,829.184
200.513,767.722,854.681
201.123,769.001,823.57
201.735,768.136,841.736
202.346,772.619,865.579
202.959,769.169,831.069
203.573,785.823,876.925
204.187,777.329,853.27
204.803,783.622,839.224
205.419,780.472,875.42
206.036,793.025,859.537
206.654,785.308,885.733
207.273,786.963,878.289
207.893,790.614,855.716
208.513,790.967,886.307
209.135,799.762,892.126
209.757,796.725,867.066
210.38,795.487,878.173
211.003,807.625,870.864
211.628,806.878,906.695
212.253,802.082,864.716
212.879,810.991,888.933
213.506,819.283,898.663
214.134,811.569,893.762
214.762,812.279,918.972
215.391,818.151,898.137
216.021,825.016,887.224
216.651,818.197,922.806
217.283,829.327,886.91
217.915,820.843,886.534
218.547,838.021,923.381
219.18,831.08,910.516
219.814,832.089,939.11
220.449,838.273,912.819
221.084,843.409,916.419
221.72,840.018,935.88
222.357,843.808,917.169
222.994,844.201,931.708
223.632,846.782,957.815
224.27,847.257,927.302
224.909,854.804,932.662
225.548,867.469,957.956
226.188,863.27,923.128
226.829,856.286,962.277
227.47,877.339,929.758
228.112,857.949,944.726
228.754,863.413,945.899
229.396,875.53,962.003
230.04,881.251,990.829
230.683,867.437,934.652
231.327,876.027,957.073
231.972,892.463,937.019
232.617,869.936,961.85
233.262,881.843,957.417
233.908,890.899,983.551
234.554,887.328,950.36
235.201,888.162,950.199
235.848,904.275,1016.67
236.495,883.857,992.692
237.143,887.318,972.433
237.791,910.859,988.867
238.439,903.688,973.452
239.088,886.818,953.749
239.737,912.565,991.183
240.386,902.234,1020.24
241.036,895.212,1001.4
241.685,909.661,998.388
242.335,914.927,1015.37
242.985,904.852,973.912
243.636,908.166,996.327
244.286,923.68,999.83
244.937,912.189,1014.17
245.588,912.75,981.651
246.239,916.162,1015.69
246.891,906.986,1014.13
247.542,918.895,992.003
248.193,927.444,1000.24
248.845,939.213,937.673
249.497,918.97,978.245
250.148,924.818,1019.99
250.8,905.463,1038.38
251.452,915.931,1022.53
252.104,938.85,980.744
252.756,930.815,996.517
253.408,918.13,1017.68
254.059,918.242,1004.16
254.711,925.354,1023.16
255.363,935.567,1017.75
256.015,922.01,958.661
256.666,928.035,1002.18
257.318,915.349,1039.34
257.969,910.382,1007.12
258.621,935.693,1020.18
259.272,944.658,1001.83
259.923,913.995,958.354
260.574,911.544,1019.85
261.224,918.886,1023.93
261.875,908.79,1053.06
262.525,925.314,1019.66
263.175,937.823,947.468
263.825,925.255,964.515
264.475,921.92,1004.31
265.124,909.623,1022.24
265.773,909.392,1040.48
266.422,925.608,987.911
267.07,934.155,979.528
267.718,918.812,969.213
268.366,911.698,1004.52
269.014,901.02,1019.65
269.661,905.798,1029.44
270.307,925.588,1016.98
270.954,926.378,937.461
271.6,914.549,953.252
272.245,900.464,1007.22
272.891,899.815,1022.54
273.535,907.125,997.159
274.18,919.178,1019.21
274.823,922.481,955.455
275.467,891.366,972.941
276.11,906.105,996.581
276.752,910.935,986.336
277.394,904.052,1021.63
278.035,911.354,967.904
278.676,905.787,958.716
279.316,888.062,1005.36
279.956,905.418,969.119
280.595,912.08,1009.78
281.234,912.911,947.603
281.872,889.045,969.388
282.509,889.583,993.223
283.146,893.638,971.187
283.782,892.574,1022.71
284.417,913.334,971.626
285.052,893.666,928.266
285.687,901.004,966.639
286.32,888.804,991.202
286.953,868.89,1010.45
287.585,902.446,985.596
288.217,895.697,997.076
288.847,879.049,945.657
289.478,876.604,963.022
290.107,895.591,971.458
290.736,883.085,1003.47
291.363,883.441,950.675
291.991,893.06,949.642
292.617,885.969,981.326
293.243,865.844,970.326
293.867,873.738,966.411
294.491,888.248,959.851
295.115,877.162,967.514
295.737,877.878,950.593
296.359,865.775,955.446
296.98,865.895,974.071
297.6,869.173,994.296
298.219,876.7,957.851
298.837,880.773,939.431
299.455,872.197,920.335
300.071,866.459,952.059
300.687,862.632,964.755
301.302,863.664,984.966
301.916,869.887,953.231
302.529,853.37,920.407
303.142,851.783,927.031
303.753,874.949,925.821
304.363,871.06,971.275
304.973,854.643,935.287
305.582,851.598,949.436
306.189,873.817,936.872
306.796,836.658,947.302
307.402,856.857,936.339
308.007,868.659,948.724
308.611,864.295,933.794
309.215,834.809,930.64
309.817,862.128,936.886
310.418,857.173,960.441
311.018,836.243,932.428
311.618,847.603,926.579
312.216,864.415,947.936
312.813,840.806,904.833
313.41,838.786,916.624
314.005,860.833,932.549
314.6,854.171,970.638
315.194,838.061,910.715
315.786,840.973,958.765
316.378,859.79,945.401
316.968,834.82,954.428
317.558,840.953,909.222
318.147,844.811,949.11
318.734,847.679,917.325
319.321,834.077,916.446
319.907,848.701,942.889
320.491,835.971,943.428
321.075,824.311,903.975
321.658,832.389,933.394
322.239,852.724,936.103
322.82,832.079,926.329
323.4,831.349,910.569
323.978,828.107,917.256
324.556,841.481,900.839
325.133,831.039,925.547
325.709,839.584,924.398
326.283,823.963,908.708
326.857,832.402,917.836
327.43,822.311,945.307
328.001,831.71,913.941
328.572,827.109,922.906
329.141,833.435,912.028
329.71,820.917,875.827
330.278,832.689,907.75
330.844,825.696,924.367
331.41,824.267,865.544
331.975,821.603,916.488
332.538,828.405,902.188
333.101,817.081,848.006
333.662,826.76,895.621
334.223,827.855,937.735
334.783,821.378,918.841
335.341,814.652,919.486
335.899,828.191,879.331
336.456,823.644,887.129
337.011,819.035,897.136
337.566,823.994,898.386
338.119,821.826,909.116
338.672,823.368,875.78
339.224,817.894,908.685
339.774,823.383,903.216
340.324,815.603,907.323
340.873,825.001,930.05
341.421,822.916,898.955
341.967,816.791,914.162
342.513,822.119,912.192
343.058,821.519,866.221
343.602,824.925,904.756
344.145,813.486,892.711
344.687,810.843,883.76
345.228,826.959,913.502
345.768,819.329,911.167
346.307,811.004,932.036
346.845,814.535,919.206
347.382,817.681,902.854
347.919,816.99,876.895
348.454,818.127,891.771
348.988,826.164,888.856
349.522,817.5,918.813
350.054,816.267,911.279
350.586,816.343,892.971
351.116,812.584,913.553
351.646,823.136,909.918
352.175,815.799,913.809
352.703,808.878,935.614
353.23,817.204,886.682
353.756,818.688,873.531
354.281,823.733,878.432
354.805,813.985,933.42
355.329,812.587,918.979
355.851,809.2,939.082
356.373,822.294,906.501
356.894,806.412,925.63
357.414,817.777,912.612
357.933,812.248,934.175
358.451,816.563,925.307
358.968,806.968,936.863
359.484,816.839,926.829
360.0,810.72,944.679
0.514709,809.387,931.573
1.02858,808.327,923.993
9.96921e+36,9.96921e+36,9.96921e+36
