#Cannot add temp
#Cannot add altitude
#Cannot add pressure
#Cannot add geopotential
#Cannot add theta
L_S,vl1,vl2
360.0,0.0,0.0
0.514709,918.342,996.023
1.02858,920.571,1000.11
1.54161,918.038,1004.89
2.05381,915.71,1005.73
2.56517,914.593,1005.32
3.07571,910.872,992.278
3.58543,906.804,984.49
4.09433,905.54,1005.05
4.60242,904.216,1026.8
5.1097,909.115,1011.09
5.61618,904.742,1023.84
6.12186,909.257,1019.52
6.62675,911.471,1022.06
7.13085,914.449,1018.16
7.63416,912.641,1027.83
8.1367,911.217,1025.04
8.63847,915.377,1022.77
9.13947,919.012,1013.77
9.63971,917.23,1009.82
10.1392,920.263,1008.77
10.6379,917.522,1027.18
11.1359,913.335,1031.3
11.6331,919.515,1031.26
12.1296,917.634,1046.43
12.6254,912.691,1029.38
13.1204,919.652,1021.51
13.6148,921.07,1039.31
14.1084,917.929,1030.94
14.6013,913.365,1018.65
15.0934,922.813,1037.31
15.5849,913.576,1040.03
16.0757,913.109,1021.9
16.5658,918.742,1028.93
17.0552,915.717,1010.45
17.544,916.613,1007.04
18.032,920.522,1025.02
18.5194,913.147,1028.84
19.0062,911.729,1019.12
19.4923,916.356,1020.79
19.9777,916.381,1006.61
20.4625,915.758,1007.34
20.9466,916.74,1027.46
21.4301,912.599,1017.69
21.913,911.048,992.56
22.3952,916.637,1012.88
22.8769,912.821,1022.59
23.3579,912.657,998.02
23.8383,912.082,1004.27
24.3181,913.445,1017.4
24.7973,913.016,1017.11
25.276,909.704,1010.52
25.754,910.042,1007.01
26.2315,911.82,1015.07
26.7083,910.81,1014.13
27.1847,908.243,1014.61
27.6604,907.499,1004.7
28.1356,909.162,1006.38
28.6103,907.052,1007.0
29.0843,905.606,1003.38
29.5579,903.07,997.915
30.0309,904.002,1005.98
30.5034,903.308,1008.91
30.9754,901.67,1014.61
31.4468,902.359,1013.89
31.9178,902.956,1014.03
32.3882,900.773,1010.83
32.8582,901.321,1006.94
33.3276,899.89,1008.0
33.7965,899.17,1007.47
34.265,899.25,1003.64
34.733,898.199,1001.2
35.2005,896.736,1000.51
35.6676,896.069,1001.25
36.1341,896.368,1000.88
36.6003,895.195,998.437
37.066,892.981,995.437
37.5312,893.12,995.038
37.996,892.96,996.354
38.4604,892.355,1003.24
38.9243,891.761,1005.94
39.3878,890.667,1005.07
39.8509,890.602,1005.91
40.3136,890.895,1002.32
40.7759,890.459,995.429
41.2378,887.369,988.954
41.6993,886.292,982.625
42.1604,886.032,983.063
42.6211,885.56,983.788
43.0815,884.051,985.976
43.5415,882.058,987.146
44.0011,882.881,984.267
44.4604,882.678,982.818
44.9193,881.171,982.328
45.3778,879.259,979.15
45.8361,877.54,979.546
46.2939,877.79,979.5
46.7515,876.349,973.122
47.2087,875.159,969.965
47.6656,873.77,975.116
48.1222,872.836,978.067
48.5785,872.341,972.823
49.0345,870.105,965.704
49.4902,869.648,959.991
49.9456,867.941,966.099
50.4007,867.692,971.67
50.8556,866.261,970.565
51.3102,865.189,964.043
51.7645,862.879,958.668
52.2185,861.677,960.579
52.6723,861.387,961.105
53.1258,860.771,960.543
53.5791,860.103,962.051
54.0322,857.997,963.159
54.485,857.227,956.375
54.9376,855.082,956.609
55.3899,853.764,956.528
55.8421,851.484,955.869
56.294,851.264,953.041
56.7458,849.022,950.64
57.1973,849.45,947.685
57.6486,849.129,946.476
58.0998,847.646,948.367
58.5508,847.962,952.102
59.0016,847.449,950.691
59.4522,846.007,945.758
59.9026,843.118,947.364
60.3529,841.766,948.317
60.8031,840.969,950.428
61.2531,840.533,948.531
61.7029,838.539,942.996
62.1527,838.109,936.799
62.6023,837.415,930.618
63.0517,837.187,929.134
63.5011,834.888,927.616
63.9503,832.665,928.458
64.3994,832.415,930.285
64.8484,832.981,929.228
65.2973,832.158,922.683
65.7462,830.267,920.912
66.1949,829.312,923.648
66.6436,828.443,923.194
67.0922,826.58,920.166
67.5407,825.097,919.172
67.9891,823.657,918.663
68.4375,822.807,917.42
68.8859,822.76,918.753
69.3342,820.975,916.141
69.7824,820.274,917.34
70.2307,818.591,914.946
70.6789,818.298,910.959
71.127,817.107,908.752
71.5752,816.25,907.463
72.0233,814.727,905.258
72.4715,813.732,902.731
72.9196,812.311,902.246
73.3677,812.241,900.594
73.8159,811.188,897.757
74.264,809.855,896.379
74.7122,808.228,898.359
75.1604,805.841,898.677
75.6087,804.642,895.422
76.0569,804.115,891.501
76.5053,802.82,890.945
76.9537,800.618,888.207
77.4021,800.16,884.763
77.8506,797.935,883.983
78.2991,797.724,884.851
78.7478,795.931,882.614
79.1965,795.398,883.408
79.6453,793.471,879.199
80.0941,793.079,876.566
80.5431,791.613,876.892
80.9922,790.334,877.243
81.4414,788.368,872.839
81.8907,786.89,870.969
82.3401,786.558,869.634
82.7896,784.985,867.639
83.2393,783.208,866.007
83.6891,781.573,866.268
84.139,780.781,865.137
84.5891,779.162,863.833
85.0394,778.477,861.738
85.4898,776.39,859.263
85.9403,775.456,857.314
86.391,773.706,857.405
86.8419,772.672,856.802
87.293,771.312,854.872
87.7443,771.052,852.859
88.1957,769.074,850.601
88.6474,767.236,848.456
89.0992,765.523,848.938
89.5513,764.574,850.362
90.0036,763.457,847.294
90.4561,762.051,845.182
90.9088,760.541,844.571
91.3618,759.014,842.202
91.8149,758.133,838.368
92.2684,756.458,836.075
92.7221,755.414,835.348
93.176,753.475,833.409
93.6302,752.417,834.662
94.0846,750.743,836.796
94.5394,750.041,835.29
94.9944,748.925,832.088
95.4497,747.437,829.881
95.9053,745.335,828.295
96.3611,744.235,825.882
96.8173,743.776,823.934
97.2738,742.646,822.95
97.7305,740.916,821.84
98.1876,738.822,821.455
98.6451,738.048,820.755
99.1028,736.45,819.511
99.5609,735.456,818.452
100.019,734.103,816.64
100.478,733.171,814.042
100.937,731.518,810.302
101.397,730.424,810.58
101.857,729.678,808.713
102.317,728.255,806.719
102.777,726.438,807.161
103.238,725.581,805.529
103.7,724.864,801.726
104.161,723.095,799.07
104.623,721.895,799.878
105.086,720.204,802.779
105.549,719.251,802.783
106.012,717.723,799.778
106.476,716.977,799.063
106.94,716.06,797.929
107.405,714.345,796.992
107.87,712.6,796.627
108.335,711.197,794.604
108.801,709.996,793.907
109.268,709.244,796.289
109.735,707.831,794.769
110.202,705.96,792.934
110.67,705.453,790.727
111.138,704.651,785.216
111.607,702.94,784.604
112.076,701.65,783.067
112.546,701.124,781.437
113.016,699.849,778.706
113.487,698.206,780.567
113.958,696.688,780.235
114.43,695.454,779.406
114.902,694.778,777.571
115.375,694.227,775.857
115.848,692.314,773.06
116.322,690.456,770.881
116.796,689.304,770.045
117.271,689.025,771.231
117.747,688.063,769.39
118.223,686.897,769.319
118.7,685.53,766.697
119.177,683.992,768.583
119.655,683.064,770.192
120.133,682.089,770.807
120.612,681.487,769.38
121.092,680.446,767.38
121.572,678.992,764.633
122.053,678.34,762.886
122.534,677.494,764.644
123.016,676.659,766.166
123.499,675.301,766.503
123.982,673.814,765.144
124.466,673.041,761.728
124.95,671.591,757.962
125.435,671.514,752.643
125.921,671.349,749.03
126.408,669.93,751.291
126.895,669.788,754.661
127.383,668.59,756.237
127.871,668.6,755.088
128.36,667.674,756.502
128.85,665.608,758.329
129.34,665.829,758.814
129.832,665.337,758.85
130.324,664.804,754.436
130.816,662.97,744.182
131.309,661.541,738.596
131.803,662.829,742.623
132.298,662.358,745.246
132.794,660.553,741.349
133.29,658.234,735.268
133.787,657.305,740.809
134.285,658.038,745.437
134.783,656.746,741.633
135.282,657.509,737.761
135.782,656.096,738.664
136.283,652.509,743.109
136.784,651.564,739.999
137.286,652.309,738.268
137.789,653.553,735.633
138.293,652.089,731.159
138.798,648.729,730.309
139.303,648.473,732.47
139.809,647.961,731.821
140.316,646.206,731.892
140.824,648.212,731.55
141.333,643.63,730.874
141.842,644.989,731.71
142.352,646.482,729.438
142.863,645.954,731.221
143.375,645.741,731.2
143.888,648.591,727.894
144.401,645.492,727.812
144.916,642.625,730.163
145.431,642.889,732.66
145.947,641.529,730.161
146.464,639.606,726.307
146.982,643.425,723.926
147.5,643.774,721.682
148.02,644.46,719.105
148.54,645.484,713.957
149.061,646.865,715.413
149.584,646.463,709.053
150.107,645.668,712.204
150.631,643.766,713.98
151.155,644.006,719.895
151.681,644.775,718.633
152.208,644.771,720.29
152.735,644.458,720.296
153.264,644.058,719.989
153.793,643.456,720.397
154.323,643.146,721.871
154.855,642.951,721.853
155.387,643.552,722.795
155.92,643.409,719.029
156.454,643.705,712.804
156.989,643.787,710.224
157.524,643.862,710.778
158.061,644.472,709.801
158.599,644.495,707.606
159.138,644.53,704.741
159.677,644.529,707.688
160.218,644.791,716.127
160.76,645.446,720.823
161.302,644.785,722.19
161.846,645.883,724.195
162.39,646.011,720.529
162.935,647.517,716.992
163.482,647.801,718.466
164.029,647.064,721.969
164.577,648.27,725.108
165.127,647.607,729.257
165.677,649.348,726.381
166.228,649.754,723.163
166.781,649.498,725.725
167.334,652.085,723.412
167.888,652.589,731.491
168.443,651.842,723.633
169.0,653.316,727.249
169.557,652.984,729.79
170.115,654.689,728.834
170.674,657.114,728.503
171.234,657.27,736.623
171.796,657.527,734.697
172.358,658.81,728.502
172.921,659.552,734.392
173.485,660.959,742.311
174.05,661.011,736.2
174.617,663.282,736.858
175.184,663.176,739.406
175.752,664.769,739.552
176.321,667.048,750.759
176.892,666.98,745.19
177.463,667.315,743.211
178.035,669.704,750.699
178.608,670.076,755.036
179.183,671.154,749.776
179.758,673.159,758.614
180.334,673.528,757.763
180.911,676.345,752.731
181.49,676.83,758.185
182.069,676.008,765.323
182.649,675.491,759.327
183.23,676.63,768.99
183.813,678.282,768.952
184.396,679.769,777.878
184.98,680.733,774.741
185.566,681.605,772.653
186.152,682.597,765.083
186.739,685.999,773.373
187.327,689.809,773.5
187.917,688.047,774.786
188.507,692.798,767.999
189.098,691.782,779.563
189.69,692.019,776.217
190.283,699.146,776.762
190.877,699.485,793.774
191.473,699.254,778.795
192.069,700.707,783.45
192.666,703.92,768.249
193.264,705.185,765.191
193.863,707.452,792.447
194.463,709.032,791.797
195.063,717.859,780.382
195.665,710.66,766.422
196.268,718.715,762.698
196.872,720.871,789.675
197.476,719.712,791.066
198.082,718.33,783.593
198.688,725.425,794.981
199.296,729.715,785.167
199.904,726.423,811.617
200.513,725.176,790.044
201.123,733.042,802.338
201.735,740.167,809.592
202.346,736.953,796.757
202.959,733.534,794.055
203.573,755.253,826.861
204.187,745.571,804.738
204.803,747.353,827.495
205.419,754.072,822.324
206.036,748.1,840.476
206.654,753.88,834.188
207.273,753.278,833.736
207.893,756.544,850.73
208.513,762.019,845.827
209.135,759.889,835.248
209.757,760.617,844.53
210.38,780.255,839.683
211.003,771.351,835.369
211.628,775.388,847.173
212.253,774.612,840.213
212.879,775.646,840.174
213.506,780.231,864.244
214.134,778.464,839.955
214.762,781.18,836.522
215.391,791.1,867.493
216.021,787.311,849.003
216.651,788.658,875.371
217.283,795.357,869.625
217.915,796.826,867.595
218.547,793.777,878.398
219.18,811.632,881.104
219.814,797.136,871.412
220.449,802.691,890.968
221.084,806.354,872.503
221.72,806.354,904.874
222.357,803.577,863.242
222.994,810.074,875.912
223.632,828.015,924.982
224.27,812.856,877.358
224.909,820.457,929.359
225.548,830.277,900.0
226.188,821.623,926.404
226.829,819.945,915.498
227.47,833.04,912.436
228.112,839.819,938.333
228.754,825.229,901.469
229.396,836.446,933.37
230.04,845.28,914.097
230.683,836.588,942.761
231.327,850.796,929.248
231.972,843.768,916.46
232.617,842.564,918.931
233.262,847.974,902.494
233.908,852.235,948.494
234.554,854.415,939.548
235.201,860.241,958.597
235.848,865.031,911.915
236.495,867.575,910.967
237.143,862.418,935.536
237.791,872.049,923.996
238.439,857.228,967.515
239.088,867.342,953.911
239.737,874.196,981.541
240.386,872.978,953.062
241.036,872.201,928.538
241.685,879.228,979.519
242.335,874.879,969.002
242.985,876.18,968.758
243.636,888.42,936.128
244.286,880.468,980.148
244.937,878.509,967.856
245.588,885.73,996.224
246.239,875.256,985.094
246.891,884.983,979.524
247.542,896.624,985.576
248.193,909.338,939.897
248.845,882.953,953.622
249.497,884.568,981.48
250.148,882.412,996.52
250.8,889.055,1027.39
251.452,902.508,966.653
252.104,902.586,938.354
252.756,883.48,980.081
253.408,886.104,973.837
254.059,886.744,983.903
254.711,902.559,996.453
255.363,893.184,950.269
256.015,890.85,960.073
256.666,892.61,982.03
257.318,893.563,970.997
257.969,892.241,986.72
258.621,909.207,941.468
259.272,884.617,967.681
259.923,883.97,979.574
260.574,885.161,988.757
261.224,888.161,1010.8
261.875,901.912,976.289
262.525,901.303,916.665
263.175,892.905,962.735
263.825,880.287,975.048
264.475,873.367,992.288
265.124,890.909,992.443
265.773,898.343,961.151
266.422,898.082,929.28
267.07,883.521,948.72
267.718,872.514,979.753
268.366,877.584,984.294
269.014,888.21,990.771
269.661,893.12,941.115
270.307,888.239,937.168
270.954,865.852,968.923
271.6,880.957,962.952
272.245,884.48,972.995
272.891,885.763,981.571
273.535,892.247,934.338
274.18,858.501,929.505
274.823,873.292,974.289
275.467,884.452,976.838
276.11,878.351,957.241
276.752,882.279,933.564
277.394,869.207,953.335
278.035,864.464,955.664
278.676,873.255,957.537
279.316,885.28,966.156
279.956,874.869,930.139
280.595,854.729,938.721
281.234,856.537,974.626
281.872,875.903,942.11
282.509,867.032,962.607
283.146,879.932,905.665
283.782,867.476,927.571
284.417,841.964,954.0
285.052,854.528,934.844
285.687,863.91,979.685
286.32,864.403,937.157
286.953,864.342,885.444
287.585,863.607,928.011
288.217,849.998,951.754
288.847,841.069,970.111
289.478,858.375,938.055
290.107,863.209,948.504
290.736,854.361,903.174
291.363,834.66,917.926
291.991,855.71,944.383
292.617,849.103,941.487
293.243,837.012,952.295
293.867,856.662,909.481
294.491,846.982,894.606
295.115,831.835,944.638
295.737,849.318,912.992
296.359,842.44,961.697
296.98,848.681,909.434
297.6,835.486,892.521
298.219,846.375,907.573
298.837,840.96,963.392
299.455,834.578,907.362
300.071,838.153,913.789
300.687,852.411,945.11
301.302,823.237,886.43
301.916,828.19,913.744
302.529,852.208,903.19
303.142,838.089,939.063
303.753,824.547,901.401
304.363,826.643,937.77
304.973,835.702,943.909
305.582,826.628,916.98
306.189,830.516,902.143
306.796,848.18,934.065
307.402,823.666,908.482
308.007,816.876,904.801
308.611,830.3,920.684
309.215,813.737,948.276
309.817,820.487,923.156
310.418,835.368,897.477
311.018,822.91,885.398
311.618,820.363,899.257
312.216,825.355,911.838
312.813,818.246,898.665
313.41,815.364,925.456
314.005,817.128,886.68
314.6,822.298,894.572
315.194,809.676,899.264
315.786,810.87,869.973
316.378,816.233,854.262
316.968,829.103,864.889
317.558,811.03,843.982
318.147,810.828,919.612
318.734,798.207,945.099
319.321,796.202,913.497
319.907,807.749,895.927
320.491,819.643,908.144
321.075,812.735,859.449
321.658,794.021,873.578
322.239,822.498,891.64
322.82,805.923,922.975
323.4,790.288,901.028
323.978,800.901,913.95
324.556,808.812,884.912
325.133,802.314,870.21
325.709,798.839,885.782
326.283,812.536,856.236
326.857,804.412,896.18
327.43,790.748,907.809
328.001,792.78,854.54
328.572,789.894,875.88
329.141,809.404,871.869
329.71,799.098,873.537
330.278,796.886,893.252
330.844,796.576,876.41
331.41,794.393,854.563
331.975,797.103,898.086
332.538,793.046,840.398
333.101,785.411,852.546
333.662,808.031,859.99
334.223,798.863,863.663
334.783,794.023,886.62
335.341,794.65,870.299
335.899,792.622,883.289
336.456,798.058,870.321
337.011,787.685,873.154
337.566,799.369,876.496
338.119,794.08,872.531
338.672,783.088,850.74
339.224,789.643,859.825
339.774,794.555,854.7
340.324,787.83,895.325
340.873,791.673,851.397
341.421,792.581,889.314
341.967,797.45,898.53
342.513,787.36,857.745
343.058,783.395,896.275
343.602,790.831,848.22
344.145,787.819,876.749
344.687,792.392,876.594
345.228,783.772,867.71
345.768,793.036,884.878
346.307,791.47,910.33
346.845,783.744,882.953
347.382,782.001,863.871
347.919,782.954,847.836
348.454,794.659,864.088
348.988,788.187,861.597
349.522,785.315,889.84
350.054,788.02,849.481
350.586,781.957,877.066
351.116,792.855,869.029
351.646,788.254,842.864
352.175,789.712,872.598
352.703,794.982,878.344
353.23,786.246,899.935
353.756,779.485,894.362
354.281,783.597,876.639
354.805,782.518,872.584
355.329,795.453,866.363
355.851,789.891,843.149
356.373,793.557,861.152
356.894,794.154,900.86
357.414,789.024,871.823
357.933,782.573,881.607
358.451,791.456,871.766
358.968,786.78,861.201
359.484,783.635,879.101
360.0,796.943,867.109
0.514709,782.968,907.605
1.02858,788.836,899.757
1.54161,779.719,904.402
2.05381,779.455,908.263
2.56517,781.462,901.811
3.07571,791.29,867.108
3.58543,782.276,898.843
4.09433,801.248,879.182
4.60242,790.63,897.021
5.1097,784.249,916.362
5.61618,785.199,913.104
6.12186,786.188,900.492
6.62675,786.211,893.821
7.13085,794.576,893.13
7.63416,794.264,909.732
8.1367,789.719,905.905
8.63847,797.596,910.917
9.13947,790.896,907.347
9.63971,790.112,893.943
10.1392,792.71,908.062
10.6379,792.167,895.982
11.1359,793.014,901.528
11.6331,793.881,894.578
12.1296,797.889,906.017
12.6254,792.61,906.21
13.1204,792.031,894.19
13.6148,794.317,895.346
14.1084,793.414,910.681
14.6013,795.802,904.906
15.0934,791.785,897.794
15.5849,795.816,885.608
16.0757,800.866,912.232
16.5658,794.345,904.781
17.0552,793.791,893.824
17.544,800.141,890.216
18.032,796.658,913.572
18.5194,797.323,904.973
19.0062,796.014,906.227
19.4923,793.121,889.336
19.9777,803.938,882.744
20.4625,800.675,910.968
20.9466,797.874,897.699
21.4301,796.45,896.441
21.913,798.524,910.802
22.3952,798.866,906.074
22.8769,798.041,908.113
23.3579,799.82,902.573
23.8383,804.505,896.561
24.3181,799.078,894.471
24.7973,807.788,905.8
25.276,801.526,927.677
25.754,797.104,900.065
26.2315,799.558,899.241
26.7083,803.111,902.72
27.1847,799.952,898.883
27.6604,803.216,883.053
28.1356,804.077,886.365
28.6103,805.34,898.53
29.0843,801.233,911.241
29.5579,801.202,904.846
30.0309,802.529,890.848
30.5034,805.344,911.36
30.9754,801.679,914.288
31.4468,799.48,885.531
31.9178,804.034,897.668
32.3882,806.408,923.666
32.8582,800.259,920.745
33.3276,797.686,887.185
33.7965,802.834,906.092
34.265,804.905,922.68
34.733,800.116,896.041
35.2005,798.229,888.386
35.6676,804.362,891.885
36.1341,805.37,915.936
36.6003,800.853,903.199
37.066,797.725,890.269
37.5312,804.803,900.671
37.996,804.482,919.75
38.4604,798.972,901.547
38.9243,800.331,886.854
39.3878,807.714,916.687
39.8509,804.006,916.335
40.3136,798.347,891.466
40.7759,801.537,884.687
41.2378,804.777,902.12
41.6993,803.266,901.602
42.1604,803.347,893.831
42.6211,803.973,901.303
43.0815,802.635,897.036
43.5415,804.712,886.731
44.0011,805.952,912.055
44.4604,800.738,896.867
44.9193,800.7,890.686
45.3778,805.989,906.646
45.8361,802.771,902.848
46.2939,797.557,886.84
46.7515,804.215,895.735
47.2087,807.465,917.368
47.6656,802.002,897.821
48.1222,798.073,895.941
48.5785,801.74,898.883
49.0345,805.47,920.209
49.4902,800.372,898.915
49.9456,800.111,890.279
50.4007,800.927,897.572
50.8556,803.266,896.272
51.3102,800.179,894.548
51.7645,801.405,897.902
52.2185,805.111,899.27
52.6723,798.832,891.586
53.1258,796.003,898.53
53.5791,803.821,896.347
54.0322,802.444,894.75
54.485,799.978,891.469
54.9376,799.293,889.8
55.3899,800.447,894.888
55.8421,798.608,898.557
56.294,794.963,896.12
56.7458,797.848,892.665
57.1973,799.403,894.672
57.6486,797.893,898.379
58.0998,794.562,900.916
58.5508,794.111,895.815
59.0016,790.767,890.398
59.4522,792.541,890.376
59.9026,795.536,894.504
60.3529,797.861,899.576
60.8031,791.697,896.81
61.2531,791.519,893.319
61.7029,794.682,895.826
62.1527,795.497,899.893
62.6023,791.379,896.433
63.0517,788.526,894.277
63.5011,790.357,890.02
63.9503,791.541,890.699
64.3994,792.279,903.343
64.8484,790.361,901.206
65.2973,788.032,888.8
65.7462,787.404,885.358
66.1949,790.693,886.462
66.6436,789.785,891.171
67.0922,786.198,892.956
67.5407,787.182,890.247
67.9891,790.146,892.379
68.4375,788.813,900.265
68.8859,785.357,888.513
69.3342,786.405,881.623
69.7824,788.819,881.278
70.2307,788.397,888.807
70.6789,785.472,889.094
71.127,785.883,887.107
71.5752,788.882,888.515
72.0233,787.334,894.184
72.4715,783.811,884.508
72.9196,782.583,882.734
73.3677,783.032,880.005
73.8159,785.012,878.999
74.264,784.606,886.317
74.7122,783.119,882.154
75.1604,782.703,879.697
75.6087,783.133,878.538
76.0569,779.958,879.615
76.5053,780.268,881.355
76.9537,780.724,882.41
77.4021,779.213,878.867
77.8506,778.291,875.623
78.2991,777.868,872.427
78.7478,778.876,873.944
79.1965,778.389,874.162
79.6453,776.711,868.942
80.0941,775.034,869.72
80.5431,774.278,870.764
80.9922,774.492,874.908
81.4414,774.964,875.628
81.8907,773.093,871.744
82.3401,773.563,866.538
82.7896,771.05,862.035
83.2393,770.97,866.643
83.6891,770.76,870.3
84.139,770.421,869.712
84.5891,768.429,863.504
85.0394,767.583,863.176
85.4898,767.372,866.158
85.9403,766.369,864.946
86.391,766.51,860.864
86.8419,765.889,858.269
87.293,764.287,859.374
87.7443,763.526,862.377
88.1957,763.781,860.8
88.6474,762.863,856.135
89.0992,761.468,854.323
89.5513,760.437,855.551
90.0036,760.08,853.559
90.4561,759.708,851.141
90.9088,758.853,849.147
91.3618,757.819,849.214
91.8149,756.725,848.185
92.2684,755.563,845.641
92.7221,754.711,842.506
93.176,753.435,842.355
93.6302,752.418,844.145
94.0846,751.678,845.035
94.5394,750.781,843.656
94.9944,749.755,841.97
95.4497,748.318,837.802
95.9053,746.877,833.718
96.3611,745.734,831.945
96.8173,745.479,833.188
97.2738,744.219,834.124
97.7305,743.356,833.636
98.1876,743.284,828.09
98.6451,743.25,824.997
99.1028,742.534,822.661
99.5609,740.565,824.708
100.019,738.959,825.534
100.478,737.99,824.53
100.937,737.244,824.895
101.397,735.334,825.501
101.857,734.143,823.984
102.317,732.787,819.279
102.777,732.448,815.981
103.238,730.666,816.864
103.7,729.189,816.803
104.161,728.406,814.766
104.623,728.065,812.651
105.086,726.688,811.566
105.549,724.329,808.953
106.012,723.511,809.934
106.476,722.249,809.051
106.94,721.075,807.706
107.405,719.805,807.656
107.87,719.045,806.531
108.335,717.663,802.65
108.801,716.375,801.573
109.268,715.06,803.52
109.735,713.305,802.255
110.202,712.209,797.517
110.67,711.126,794.174
111.138,710.611,793.822
111.607,709.326,792.474
112.076,708.278,793.499
112.546,707.659,792.088
113.016,707.581,788.341
113.487,705.702,784.187
113.958,704.312,783.215
114.43,703.007,786.629
114.902,701.354,787.655
115.375,700.928,788.626
115.848,699.127,788.237
116.322,698.727,786.966
116.796,698.037,786.175
117.271,696.794,784.861
117.747,695.335,782.074
118.223,694.03,779.436
118.7,692.865,779.632
119.177,691.753,778.921
119.655,690.769,776.537
120.133,688.81,775.185
120.612,688.397,772.314
121.092,687.956,772.948
121.572,687.722,773.915
122.053,686.319,772.021
122.534,684.798,770.974
123.016,683.939,771.752
123.499,683.509,770.833
123.982,681.885,770.143
124.466,680.649,768.21
124.95,680.179,765.802
125.435,677.936,762.729
125.921,678.543,762.448
126.408,678.975,762.99
126.895,677.694,764.077
127.383,677.684,762.317
127.871,675.94,760.392
128.36,675.007,757.095
128.85,673.76,755.074
129.34,671.83,756.784
129.832,671.363,755.348
130.324,670.926,754.286
130.816,671.433,752.909
131.309,671.241,754.728
131.803,669.875,756.993
132.298,669.143,753.081
132.794,669.211,752.817
133.29,667.758,752.406
133.787,665.08,752.303
134.285,662.643,752.667
134.783,663.4,747.063
135.282,663.633,745.593
135.782,663.802,746.014
136.283,663.366,746.057
136.784,661.337,749.332
137.286,661.143,746.694
137.789,661.693,743.736
138.293,662.166,741.382
138.798,662.258,745.326
139.303,659.976,744.833
139.809,656.084,738.101
140.316,654.554,736.495
140.824,653.361,737.908
141.333,654.61,741.027
141.842,652.956,741.419
142.352,649.747,744.754
142.863,653.238,748.103
143.375,654.861,736.73
143.888,655.055,739.194
144.401,653.727,745.067
144.916,653.075,742.15
145.431,653.79,739.323
145.947,654.2,736.645
146.464,652.505,733.794
146.982,654.148,737.609
147.5,654.156,739.24
148.02,653.328,736.609
148.54,652.628,731.073
149.061,653.296,730.536
149.584,653.636,727.38
150.107,652.372,727.172
150.631,650.311,725.588
151.155,649.651,725.86
151.681,648.338,721.342
152.208,647.181,715.16
152.735,644.916,708.731
153.264,645.84,709.827
153.793,646.475,710.73
154.323,647.512,726.095
154.855,647.48,727.375
155.387,648.54,721.803
155.92,647.632,720.255
156.454,647.059,719.909
156.989,647.263,718.868
157.524,646.179,711.573
158.061,647.502,706.444
158.599,650.932,707.604
159.138,652.195,710.348
159.677,650.222,710.566
160.218,648.903,717.655
160.76,649.965,721.739
161.302,651.262,717.211
161.846,652.527,708.531
162.39,653.116,710.717
162.935,654.546,720.675
163.482,654.855,723.112
164.029,653.568,728.109
164.577,654.073,738.023
165.127,654.095,736.814
165.677,657.028,740.565
166.228,658.498,728.527
166.781,659.004,729.194
167.334,660.871,728.247
167.888,659.059,731.592
168.443,658.093,733.429
169.0,660.055,742.727
169.557,659.662,739.583
170.115,662.483,736.55
170.674,664.698,734.977
171.234,664.997,745.468
171.796,666.528,743.874
172.358,666.9,741.993
172.921,667.432,745.105
173.485,669.272,747.81
174.05,669.133,749.007
174.617,670.855,744.618
175.184,671.614,755.824
175.752,673.162,756.087
176.321,674.208,747.84
176.892,675.969,755.249
177.463,676.597,760.807
178.035,676.388,755.169
178.608,677.69,767.3
179.183,678.009,758.224
179.758,680.441,767.958
180.334,680.338,766.069
180.911,681.492,770.8
181.49,679.985,764.407
182.069,682.183,769.053
182.649,683.512,779.86
183.23,683.972,776.023
183.813,685.108,781.544
184.396,686.29,781.552
184.98,687.979,779.685
185.566,688.156,774.024
186.152,688.31,782.928
186.739,693.221,773.488
187.327,691.801,788.469
187.917,694.795,789.379
188.507,696.875,780.032
189.098,697.402,793.131
189.69,697.988,771.76
190.283,703.27,782.286
190.877,702.229,779.746
191.473,707.444,786.015
192.069,708.267,786.613
192.666,708.749,782.023
193.264,713.635,788.136
193.863,714.074,788.467
194.463,711.721,789.317
195.063,717.976,780.547
195.665,721.295,799.513
196.268,719.894,796.582
196.872,721.389,800.504
197.476,732.1,796.733
198.082,726.602,787.32
198.688,730.242,810.811
199.296,735.588,769.947
199.904,733.073,794.849
200.513,735.591,806.606
201.123,738.58,786.491
201.735,741.745,784.631
202.346,752.739,830.799
202.959,749.43,798.39
203.573,749.495,814.885
204.187,758.082,821.568
204.803,749.464,812.028
205.419,757.816,840.573
206.036,757.933,805.784
206.654,758.862,829.656
207.273,757.736,839.557
207.893,762.698,819.203
208.513,767.159,849.929
209.135,766.536,839.706
209.757,767.143,850.236
210.38,778.883,832.939
211.003,769.783,855.73
211.628,775.453,864.373
212.253,782.954,833.528
212.879,775.852,867.473
213.506,784.398,880.809
214.134,782.987,859.221
214.762,790.465,866.611
215.391,785.054,880.167
216.021,794.154,860.75
216.651,792.012,861.124
217.283,801.359,885.903
217.915,797.588,877.321
218.547,798.931,903.452
219.18,795.563,869.167
219.814,798.934,847.093
220.449,811.964,890.893
221.084,806.992,871.804
221.72,812.197,895.815
222.357,828.663,889.506
222.994,808.641,893.01
223.632,818.411,896.609
224.27,828.981,935.194
224.909,824.03,887.705
225.548,817.739,897.26
226.188,847.253,929.141
226.829,825.831,924.207
227.47,826.875,920.138
228.112,841.194,906.346
228.754,836.213,898.511
229.396,832.756,900.791
230.04,850.394,944.647
230.683,844.681,915.629
231.327,844.531,931.987
231.972,859.476,948.19
232.617,852.07,951.807
233.262,842.763,907.871
233.908,861.054,952.417
234.554,862.628,935.445
235.201,857.168,949.694
235.848,863.504,945.29
236.495,859.237,974.504
237.143,856.971,950.553
237.791,867.955,932.735
238.439,877.857,931.365
239.088,870.942,930.21
239.737,864.074,944.422
240.386,873.391,962.488
241.036,862.514,992.67
241.685,874.083,973.097
242.335,897.915,957.338
242.985,883.492,902.117
243.636,876.139,954.872
244.286,868.878,990.585
244.937,871.656,963.0
245.588,891.579,993.82
246.239,895.618,958.405
246.891,889.061,929.144
247.542,883.308,963.333
248.193,888.484,968.252
248.845,877.962,1021.2
249.497,892.098,993.962
250.148,894.256,960.9
250.8,896.058,953.288
251.452,889.448,970.699
252.104,891.128,953.389
252.756,893.038,1001.85
253.408,903.529,962.791
254.059,884.323,950.26
254.711,879.417,975.966
255.363,900.228,984.955
256.015,895.381,976.389
256.666,905.09,949.278
257.318,891.287,989.412
257.969,874.738,978.971
258.621,880.012,985.662
259.272,895.542,993.346
259.923,906.023,980.308
260.574,891.072,920.175
261.224,885.084,949.598
261.875,885.447,998.412
262.525,879.674,965.751
263.175,887.019,997.835
263.825,902.868,949.84
264.475,897.994,924.28
265.124,869.822,957.904
265.773,886.452,973.152
266.422,884.548,1017.82
267.07,890.733,982.71
267.718,891.7,932.739
268.366,884.168,949.79
269.014,878.09,971.557
269.661,887.088,973.448
270.307,889.752,942.91
270.954,894.426,963.082
271.6,877.615,958.662
272.245,854.636,962.375
272.891,886.118,967.711
273.535,885.681,972.022
274.18,878.581,931.464
274.823,893.306,931.84
275.467,867.85,939.122
276.11,855.963,974.669
276.752,870.765,975.957
277.394,881.493,973.901
278.035,883.698,917.156
278.676,870.967,918.974
279.316,860.459,942.486
279.956,859.005,960.978
280.595,862.529,975.311
281.234,873.521,978.812
281.872,875.24,893.265
282.509,852.185,912.637
283.146,854.465,951.636
283.782,867.278,938.255
284.417,861.328,960.075
285.052,866.159,913.34
285.687,858.664,927.829
286.32,844.498,955.799
286.953,860.349,925.174
287.585,857.451,958.703
288.217,864.831,918.428
288.847,870.509,888.987
289.478,838.269,941.36
290.107,838.726,943.244
290.736,844.948,971.902
291.363,862.125,946.418
291.991,845.214,862.716
292.617,847.135,906.778
293.243,848.663,933.768
293.867,834.656,953.671
294.491,848.218,936.927
295.115,846.822,907.952
295.737,846.195,924.778
296.359,824.921,931.595
296.98,838.982,919.071
297.6,852.108,941.043
298.219,836.33,903.707
298.837,846.616,899.983
299.455,842.734,890.18
300.071,820.047,935.422
300.687,831.502,929.174
301.302,834.727,885.956
301.916,851.41,920.09
302.529,829.097,852.582
303.142,814.08,913.169
303.753,831.516,946.848
304.363,826.089,903.572
304.973,830.809,916.673
305.582,838.542,882.716
306.189,827.342,849.276
306.796,814.938,915.069
307.402,817.276,906.419
308.007,821.816,941.394
308.611,823.228,913.684
309.215,832.993,868.932
309.817,814.352,893.237
310.418,822.897,899.269
311.018,815.123,911.946
311.618,823.034,906.932
312.216,821.497,895.13
312.813,810.055,884.014
313.41,812.04,907.558
314.005,815.092,857.017
314.6,822.801,914.812
315.194,821.926,890.503
315.786,800.57,900.352
316.378,818.383,895.005
316.968,802.201,908.918
317.558,802.295,910.541
318.147,816.813,922.229
318.734,818.526,911.912
319.321,802.185,866.711
319.907,805.858,845.052
320.491,817.244,865.12
321.075,802.434,908.057
321.658,796.059,871.855
322.239,804.549,919.606
322.82,804.947,920.55
323.4,788.862,886.234
323.978,798.368,875.201
324.556,812.197,887.899
325.133,802.404,867.521
325.709,798.631,884.263
326.283,807.667,871.955
326.857,799.718,905.497
327.43,794.855,879.045
328.001,798.433,889.245
328.572,807.67,895.02
329.141,794.939,855.751
329.71,791.198,841.575
330.278,813.852,854.917
330.844,796.129,859.439
331.41,789.35,895.717
331.975,802.247,881.743
332.538,792.887,890.494
333.101,788.014,882.717
333.662,785.114,831.742
334.223,795.125,852.023
334.783,809.365,873.222
335.341,794.725,860.494
335.899,796.051,866.02
336.456,793.491,904.029
337.011,789.461,845.359
337.566,784.121,874.738
338.119,800.482,834.17
338.672,784.956,866.846
339.224,794.148,880.042
339.774,789.807,851.383
340.324,792.884,891.896
340.873,791.213,866.716
341.421,787.826,865.524
341.967,792.701,871.004
342.513,794.958,865.522
343.058,785.12,880.083
343.602,800.693,853.349
344.145,782.913,840.518
344.687,800.226,850.778
345.228,792.373,848.163
345.768,784.359,886.842
346.307,789.405,879.365
346.845,787.207,875.043
347.382,791.496,866.731
347.919,783.241,874.867
348.454,791.945,857.046
348.988,780.949,864.114
349.522,790.325,868.269
350.054,782.228,851.821
350.586,786.819,895.221
351.116,788.741,867.772
351.646,786.476,882.062
352.175,785.049,871.397
352.703,783.271,852.864
353.23,782.451,889.498
353.756,792.433,866.521
354.281,780.925,861.064
354.805,790.459,845.937
355.329,778.532,866.899
355.851,785.322,880.095
356.373,789.222,905.478
356.894,786.988,889.652
357.414,779.445,908.27
357.933,783.829,887.283
358.451,789.313,896.016
358.968,780.423,868.068
359.484,787.78,897.714
360.0,784.222,880.93
0.514709,777.903,905.093
1.02858,780.347,883.626
9.96921e+36,9.96921e+36,9.96921e+36
