#Cannot add temp
#Cannot add altitude
#Cannot add pressure
#Cannot add geopotential
#Cannot add theta
L_S,vl1,vl2
360.0,0.0,0.0
0.514709,918.342,996.023
1.02858,920.571,1000.11
1.54161,918.038,1004.89
2.05381,915.71,1005.73
2.56517,914.593,1005.32
3.07571,910.872,992.278
3.58543,906.804,984.49
4.09433,905.54,1005.05
4.60242,904.216,1026.8
5.1097,909.115,1011.09
5.61618,904.742,1023.84
6.12186,909.257,1019.52
6.62675,911.471,1022.06
7.13085,914.449,1018.16
7.63416,912.641,1027.83
8.1367,911.217,1025.04
8.63847,915.377,1022.77
9.13947,919.012,1013.77
9.63971,917.23,1009.82
10.1392,920.263,1008.77
10.6379,917.522,1027.18
11.1359,913.335,1031.3
11.6331,919.515,1031.26
12.1296,917.634,1046.43
12.6254,912.691,1029.38
13.1204,919.652,1021.51
13.6148,921.07,1039.31
14.1084,917.929,1030.94
14.6013,913.365,1018.65
15.0934,922.813,1037.31
15.5849,913.576,1040.03
16.0757,913.109,1021.9
16.5658,918.742,1028.93
17.0552,915.717,1010.45
17.544,916.612,1007.04
18.032,920.523,1025.02
18.5194,913.147,1028.84
19.0062,911.729,1019.12
19.4923,916.356,1020.8
19.9777,916.382,1006.62
20.4625,915.758,1007.35
20.9466,916.737,1027.45
21.4301,912.6,1017.66
21.913,911.049,992.519
22.3952,916.637,1012.89
22.8769,912.822,1022.65
23.3579,912.65,998.1
23.8383,912.089,1004.26
24.3181,913.44,1017.28
24.7973,913.025,1017.01
25.276,909.72,1010.5
25.754,910.018,1007.33
26.2315,911.921,1015.17
26.7083,910.744,1013.62
27.1847,908.268,1013.69
27.6604,907.613,1004.43
28.1356,908.854,1006.84
28.6103,907.159,1005.33
29.0843,905.756,1003.73
29.5579,903.492,996.578
30.0309,903.254,1006.65
30.5034,903.207,1010.0
30.9754,902.086,1011.67
31.4468,901.084,1012.35
31.9178,902.261,1007.74
32.3882,901.635,1006.2
32.8582,900.31,1011.69
33.3276,899.934,1012.35
33.7965,899.494,1009.25
34.265,898.873,1007.56
34.733,899.073,1005.7
35.2005,896.724,1003.59
35.6676,895.868,997.21
36.1341,895.539,992.733
36.6003,895.529,991.817
37.066,893.469,993.126
37.5312,893.387,1000.48
37.996,893.071,1002.77
38.4604,891.805,1006.22
38.9243,891.279,1003.68
39.3878,892.049,1001.1
39.8509,891.937,997.598
40.3136,890.339,996.661
40.7759,888.173,996.479
41.2378,886.467,995.887
41.6993,885.031,992.604
42.1604,885.196,992.25
42.6211,884.657,993.86
43.0815,883.808,994.99
43.5415,883.852,992.169
44.0011,882.293,987.167
44.4604,881.526,983.657
44.9193,880.981,979.785
45.3778,879.222,978.3
45.8361,878.245,975.777
46.2939,877.139,973.882
46.7515,874.884,974.033
47.2087,874.736,975.183
47.6656,873.409,978.303
48.1222,872.368,975.438
48.5785,871.979,968.526
49.0345,870.675,961.202
49.4902,868.714,960.632
49.9456,867.337,968.602
50.4007,867.233,969.688
50.8556,865.984,966.332
51.3102,864.973,961.482
51.7645,864.147,963.549
52.2185,862.645,964.595
52.6723,860.092,965.449
53.1258,859.427,964.507
53.5791,857.949,962.096
54.0322,856.529,961.664
54.485,855.813,957.129
54.9376,855.824,954.661
55.3899,855.88,954.975
55.8421,853.233,949.655
56.294,852.725,949.8
56.7458,851.22,954.338
57.1973,849.86,954.838
57.6486,848.036,952.774
58.0998,847.499,950.42
58.5508,847.265,947.316
59.0016,845.522,949.456
59.4522,844.284,950.214
59.9026,843.215,948.875
60.3529,842.594,947.384
60.8031,841.064,948.152
61.2531,840.495,948.871
61.7029,838.431,950.896
62.1527,837.768,948.415
62.6023,836.694,942.312
63.0517,836.491,935.454
63.5011,835.09,930.531
63.9503,834.574,933.112
64.3994,833.355,936.633
64.8484,832.701,937.343
65.2973,830.7,935.589
65.7462,827.989,933.915
66.1949,826.879,930.649
66.6436,826.654,921.093
67.0922,826.842,913.05
67.5407,825.793,910.886
67.9891,824.624,914.91
68.4375,822.505,917.375
68.8859,822.356,918.731
69.3342,821.486,917.818
69.7824,822.137,919.064
70.2307,820.527,915.788
70.6789,819.966,913.356
71.127,817.896,909.56
71.5752,816.485,907.792
72.0233,814.037,908.92
72.4715,813.28,911.286
72.9196,811.772,911.889
73.3677,811.035,907.726
73.8159,809.584,901.738
74.264,808.418,897.004
74.7122,807.314,890.881
75.1604,806.676,886.749
75.6087,806.785,890.388
76.0569,805.098,893.698
76.5053,804.127,891.711
76.9537,802.114,890.188
77.4021,801.169,889.249
77.8506,798.152,887.292
78.2991,796.699,888.823
78.7478,795.052,887.881
79.1965,794.823,884.163
79.6453,792.677,879.952
80.0941,791.945,876.619
80.5431,790.474,878.68
80.9922,790.242,879.921
81.4414,789.158,879.633
81.8907,787.789,876.771
82.3401,786.344,873.234
82.7896,784.875,869.763
83.2393,783.927,866.625
83.6891,782.395,866.466
84.139,781.209,866.859
84.5891,779.766,865.772
85.0394,778.926,863.787
85.4898,776.867,861.914
85.9403,775.969,858.774
86.391,774.071,857.438
86.8419,773.402,858.471
87.293,771.277,858.211
87.7443,769.612,856.009
88.1957,768.572,852.577
88.6474,768.034,850.482
89.0992,765.837,849.709
89.5513,764.401,848.972
90.0036,763.177,848.334
90.4561,761.832,846.743
90.9088,760.64,846.785
91.3618,759.786,847.297
91.8149,759.206,846.167
92.2684,757.573,844.129
92.7221,756.493,843.994
93.176,754.705,841.769
93.6302,753.715,839.25
94.0846,751.644,837.354
94.5394,749.963,833.773
94.9944,748.742,831.334
95.4497,747.813,829.623
95.9053,746.445,830.462
96.3611,745.153,829.133
96.8173,744.156,829.466
97.2738,742.634,829.266
97.7305,741.555,827.617
98.1876,739.945,823.831
98.6451,738.556,820.937
99.1028,736.55,816.487
99.5609,735.34,816.538
100.019,733.554,817.01
100.478,732.626,815.528
100.937,731.452,813.571
101.397,730.477,812.833
101.857,729.098,810.966
102.317,728.038,813.404
102.777,726.749,811.903
103.238,725.019,811.735
103.7,723.405,808.781
104.161,722.515,802.902
104.623,721.591,798.744
105.086,719.538,796.994
105.549,718.166,801.547
106.012,716.914,804.234
106.476,715.894,803.567
106.94,714.706,800.297
107.405,713.949,793.582
107.87,712.698,789.285
108.335,711.318,790.599
108.801,710.438,791.929
109.268,708.871,790.05
109.735,707.655,789.651
110.202,706.311,789.766
110.67,704.963,786.313
111.138,703.592,783.169
111.607,702.654,780.894
112.076,701.771,780.886
112.546,700.683,782.149
113.016,699.281,783.115
113.487,698.284,781.563
113.958,697.381,779.153
114.43,695.903,779.167
114.902,694.353,779.055
115.375,693.476,777.073
115.848,692.134,776.004
116.322,691.241,777.193
116.796,690.181,776.47
117.271,688.314,777.22
117.747,686.96,776.776
118.223,685.093,772.946
118.7,684.364,768.314
119.177,684.441,762.774
119.655,683.993,763.928
120.133,682.259,766.237
120.612,681.013,767.9
121.092,679.536,768.215
121.572,678.095,766.995
122.053,677.249,764.776
122.534,677.029,763.201
123.016,676.016,762.698
123.499,675.32,759.954
123.982,673.763,757.056
124.466,673.373,756.29
124.95,672.058,757.599
125.435,670.46,759.939
125.921,671.138,756.65
126.408,670.073,754.754
126.895,669.316,755.178
127.383,669.229,755.98
127.871,668.088,756.551
128.36,667.099,756.702
128.85,664.409,755.42
129.34,664.458,756.425
129.832,664.288,757.378
130.324,663.547,752.848
130.816,663.361,741.93
131.309,662.294,740.192
131.803,661.099,744.961
132.298,660.362,745.643
132.794,658.803,744.025
133.29,658.723,742.507
133.787,657.378,743.291
134.285,656.215,740.596
134.783,654.962,740.666
135.282,654.671,740.968
135.782,652.778,737.659
136.283,651.055,740.992
136.784,651.856,740.97
137.286,652.978,743.173
137.789,653.53,742.971
138.293,653.301,741.529
138.798,651.234,744.707
139.303,650.721,745.547
139.809,649.81,735.788
140.316,648.026,730.207
140.824,644.9,731.181
141.333,647.4,729.969
141.842,648.317,727.077
142.352,647.763,729.982
142.863,647.242,730.476
143.375,645.879,727.563
143.888,646.379,724.221
144.401,645.118,722.441
144.916,643.685,722.572
145.431,642.065,723.385
145.947,641.309,721.284
146.464,640.314,722.154
146.982,639.102,724.044
147.5,640.961,721.405
148.02,642.306,721.914
148.54,643.297,722.727
149.061,644.896,722.329
149.584,644.785,722.174
150.107,643.63,722.129
150.631,641.261,719.633
151.155,641.713,720.492
151.681,640.713,719.737
152.208,638.539,718.551
152.735,638.249,715.342
153.264,638.224,713.106
153.793,638.434,709.692
154.323,639.44,715.908
154.855,640.633,720.878
155.387,640.507,713.716
155.92,640.883,707.253
156.454,639.975,698.661
156.989,639.206,705.507
157.524,638.811,699.243
158.061,641.418,699.302
158.599,642.454,701.891
159.138,642.728,700.828
159.677,641.498,706.13
160.218,642.095,711.738
160.76,644.355,710.864
161.302,644.929,704.189
161.846,644.464,700.099
162.39,645.773,711.083
162.935,647.195,716.582
163.482,646.697,717.597
164.029,647.215,720.072
164.577,648.0,724.282
165.127,649.223,722.792
165.677,651.118,720.465
166.228,650.81,718.589
166.781,651.943,727.53
167.334,652.552,730.268
167.888,652.485,737.306
168.443,652.58,733.596
169.0,652.875,726.966
169.557,654.421,727.664
170.115,655.508,733.284
170.674,656.401,729.312
171.234,657.269,731.717
171.796,657.052,734.234
172.358,657.262,730.055
172.921,659.293,738.744
173.485,660.012,741.205
174.05,660.543,738.056
174.617,662.682,737.494
175.184,664.571,741.115
175.752,664.018,747.758
176.321,667.251,743.502
176.892,667.28,748.577
177.463,668.261,745.483
178.035,669.929,748.764
178.608,670.372,745.568
179.183,673.17,753.021
179.758,674.913,761.598
180.334,672.431,754.732
180.911,674.037,765.854
181.49,673.938,750.06
182.069,674.999,763.672
182.649,676.982,761.973
183.23,679.161,767.316
183.813,678.98,768.291
184.396,680.741,771.873
184.98,681.229,769.011
185.566,681.873,758.746
186.152,684.38,770.307
186.739,682.688,769.953
187.327,684.947,768.15
187.917,691.675,780.424
188.507,689.621,783.043
189.098,691.621,776.055
189.69,694.969,788.815
190.283,691.738,767.772
190.877,699.627,780.575
191.473,698.776,794.235
192.069,702.472,779.912
192.666,701.123,766.669
193.264,711.108,797.491
193.863,703.401,782.657
194.463,705.493,788.155
195.063,713.538,778.815
195.665,717.339,795.856
196.268,711.228,793.088
196.872,713.746,802.286
197.476,726.26,785.245
198.082,720.233,797.198
198.688,725.962,803.024
199.296,727.484,785.602
199.904,727.711,779.985
200.513,729.471,810.954
201.123,735.495,808.299
201.735,734.417,806.683
202.346,733.994,822.217
202.959,740.814,799.367
203.573,738.318,801.507
204.187,748.985,835.123
204.803,746.105,806.407
205.419,750.016,839.752
206.036,752.49,811.545
206.654,750.501,824.301
207.273,756.617,840.714
207.893,761.093,827.244
208.513,760.94,808.288
209.135,756.383,857.077
209.757,774.19,825.028
210.38,767.524,847.924
211.003,766.659,858.149
211.628,768.879,846.592
212.253,769.932,830.161
212.879,778.115,857.674
213.506,782.875,857.51
214.134,780.964,867.898
214.762,785.461,861.711
215.391,785.58,849.635
216.021,782.65,882.477
216.651,792.834,854.717
217.283,796.801,886.246
217.915,792.51,892.872
218.547,797.531,868.481
219.18,796.118,858.154
219.814,795.97,897.852
220.449,802.806,856.392
221.084,801.415,908.014
221.72,818.797,888.813
222.357,811.731,890.753
222.994,807.611,920.356
223.632,821.323,879.921
224.27,828.94,938.868
224.909,816.681,889.442
225.548,815.234,918.577
226.188,836.521,897.693
226.829,824.44,940.218
227.47,817.173,910.467
228.112,833.735,906.096
228.754,843.466,938.804
229.396,839.948,907.875
230.04,833.548,914.899
230.683,855.669,929.36
231.327,832.831,919.725
231.972,831.203,932.443
232.617,855.574,935.917
233.262,853.709,947.871
233.908,846.337,940.588
234.554,855.775,945.472
235.201,859.892,913.878
235.848,852.738,932.446
236.495,867.488,970.996
237.143,869.821,937.218
237.791,863.236,931.734
238.439,859.124,949.554
239.088,869.704,967.967
239.737,863.864,972.95
240.386,872.789,954.873
241.036,880.746,963.855
241.685,881.376,962.342
242.335,862.243,955.514
242.985,873.853,946.274
243.636,890.445,963.362
244.286,880.414,977.835
244.937,881.013,965.421
245.588,880.864,981.559
246.239,877.552,950.474
246.891,879.192,987.444
247.542,902.807,962.959
248.193,892.099,985.121
248.845,882.233,947.826
249.497,874.071,993.317
250.148,897.381,968.804
250.8,895.476,991.096
251.452,901.411,936.503
252.104,894.418,984.727
252.756,882.723,984.321
253.408,887.488,977.37
254.059,893.061,1020.41
254.711,911.221,971.868
255.363,894.559,922.777
256.015,893.036,981.005
256.666,883.742,979.268
257.318,878.836,990.766
257.969,903.874,987.13
258.621,900.192,957.539
259.272,904.262,942.435
259.923,877.073,970.701
260.574,884.656,979.983
261.224,882.982,999.181
261.875,898.891,1012.48
262.525,902.096,921.179
263.175,892.524,935.241
263.825,883.193,990.178
264.475,880.649,969.044
265.124,879.823,993.33
265.773,903.423,986.781
266.422,895.807,950.832
267.07,878.293,939.837
267.718,879.368,983.411
268.366,877.374,966.326
269.014,879.121,979.954
269.661,893.71,974.295
270.307,897.586,931.316
270.954,875.619,923.956
271.6,868.606,968.391
272.245,874.327,1004.11
272.891,884.151,977.959
273.535,885.693,964.151
274.18,884.482,951.793
274.823,863.42,955.869
275.467,878.49,966.981
276.11,876.327,961.647
276.752,876.068,978.958
277.394,887.641,931.534
278.035,856.433,939.902
278.676,868.595,966.145
279.316,884.391,943.718
279.956,872.817,961.283
280.595,884.249,928.183
281.234,857.654,932.159
281.872,847.854,968.65
282.509,869.861,939.024
283.146,868.702,978.9
283.782,879.476,919.988
284.417,871.592,889.559
285.052,851.84,938.479
285.687,849.983,944.236
286.32,851.168,985.984
286.953,868.067,953.724
287.585,860.6,871.531
288.217,860.221,911.739
288.847,858.226,938.502
289.478,841.62,970.26
290.107,854.758,945.408
290.736,858.92,915.377
291.363,858.653,922.383
291.991,832.868,935.314
292.617,846.521,931.713
293.243,858.612,937.945
293.867,844.656,933.954
294.491,858.217,905.484
295.115,845.823,891.181
295.737,835.195,953.663
296.359,842.615,927.19
296.98,843.416,927.386
297.6,861.102,910.214
298.219,832.505,879.32
298.837,832.075,928.35
299.455,838.511,949.89
300.071,831.711,945.821
300.687,848.901,925.253
301.302,842.24,890.054
301.916,824.021,909.778
302.529,836.911,920.46
303.142,828.589,922.043
303.753,832.763,944.209
304.363,835.448,885.313
304.973,817.958,904.338
305.582,826.283,894.227
306.189,836.145,892.893
306.796,838.192,920.99
307.402,823.963,870.942
308.007,810.965,893.275
308.611,833.948,914.185
309.215,813.502,943.964
309.817,821.61,900.904
310.418,835.756,913.507
311.018,825.312,881.598
311.618,804.909,891.936
312.216,827.286,907.98
312.813,830.956,889.072
313.41,802.447,899.943
314.005,814.877,919.48
314.6,817.248,884.558
315.194,812.107,897.846
315.786,813.302,876.06
316.378,814.105,899.364
316.968,820.788,923.563
317.558,801.755,872.874
318.147,808.124,897.478
318.734,823.481,886.935
319.321,805.704,873.076
319.907,803.519,897.95
320.491,821.077,902.631
321.075,798.005,891.874
321.658,795.429,872.111
322.239,813.773,905.442
322.82,803.687,906.365
323.4,794.486,900.857
323.978,809.366,833.251
324.556,807.403,870.735
325.133,801.66,855.63
325.709,795.281,878.94
326.283,811.032,854.9
326.857,803.924,898.693
327.43,801.568,874.353
328.001,801.129,863.964
328.572,797.518,870.356
329.141,793.834,880.666
329.71,796.4,889.983
330.278,802.651,890.587
330.844,790.151,877.805
331.41,787.033,887.86
331.975,803.756,859.36
332.538,800.652,851.934
333.101,795.807,886.369
333.662,794.223,859.949
334.223,779.599,868.387
334.783,798.57,872.98
335.341,790.336,857.973
335.899,789.289,871.869
336.456,798.553,842.35
337.011,794.089,865.726
337.566,783.396,891.139
338.119,781.708,848.941
338.672,795.561,885.258
339.224,789.242,895.549
339.774,788.185,882.801
340.324,782.839,887.328
340.873,788.033,853.895
341.421,785.57,837.162
341.967,790.872,826.779
342.513,789.856,865.56
343.058,791.896,881.446
343.602,783.473,866.071
344.145,791.41,870.157
344.687,787.458,870.215
345.228,786.614,843.13
345.768,776.697,869.825
346.307,790.009,862.106
346.845,786.581,865.652
347.382,781.183,851.192
347.919,778.343,857.662
348.454,785.96,877.393
348.988,787.903,865.433
349.522,781.928,854.323
350.054,779.997,844.07
350.586,784.056,872.57
351.116,789.324,860.441
351.646,778.822,850.619
352.175,787.959,865.856
352.703,786.518,851.267
353.23,782.322,871.369
353.756,783.065,858.742
354.281,784.022,885.355
354.805,782.197,863.706
355.329,774.94,892.223
355.851,781.205,874.502
356.373,777.985,882.322
356.894,785.264,864.248
357.414,776.091,877.18
357.933,784.917,862.885
358.451,777.174,880.579
358.968,782.927,888.712
359.484,779.824,887.387
360.0,776.58,890.684
0.514709,774.509,872.819
1.02858,779.0,887.786
1.54161,782.273,884.831
2.05381,775.271,895.129
2.56517,781.535,899.649
3.07571,781.788,881.317
3.58543,774.748,898.989
4.09433,785.497,897.009
4.60242,781.663,896.431
5.1097,776.837,895.327
5.61618,777.663,891.427
6.12186,780.7,906.067
6.62675,781.918,888.376
7.13085,780.312,907.644
7.63416,785.611,880.86
8.1367,788.118,869.513
8.63847,785.526,903.11
9.13947,785.067,897.326
9.63971,782.128,906.581
10.1392,780.481,872.795
10.6379,782.159,884.328
11.1359,792.132,880.522
11.6331,785.736,893.908
12.1296,786.194,875.109
12.6254,785.118,890.992
13.1204,788.839,886.025
13.6148,790.213,892.276
14.1084,785.525,902.376
14.6013,791.884,893.899
15.0934,785.814,907.325
15.5849,784.065,889.087
16.0757,789.694,886.245
16.5658,784.797,891.033
17.0552,795.756,888.089
17.544,788.194,898.3
18.032,787.373,895.32
18.5194,785.135,894.58
19.0062,786.039,886.052
19.4923,788.781,877.53
19.9777,795.709,891.11
20.4625,787.986,883.321
20.9466,790.011,881.143
21.4301,791.71,899.298
21.913,784.986,894.904
22.3952,787.018,883.059
22.8769,791.356,894.847
23.3579,792.08,891.028
23.8383,786.495,884.047
24.3181,792.678,872.181
24.7973,793.826,902.707
25.276,787.461,887.76
25.754,790.004,876.197
26.2315,792.991,905.278
26.7083,790.636,893.071
27.1847,787.497,882.531
27.6604,793.435,897.306
28.1356,792.993,902.598
28.6103,791.274,898.705
29.0843,786.8,888.165
29.5579,792.352,877.221
30.0309,791.887,909.657
30.5034,787.554,900.859
30.9754,788.711,876.587
31.4468,791.619,904.95
31.9178,794.106,897.395
32.3882,790.775,905.481
32.8582,788.86,889.43
33.3276,790.411,893.049
33.7965,794.887,898.571
34.265,791.105,899.554
34.733,787.768,878.532
35.2005,789.915,872.507
35.6676,797.783,896.473
36.1341,788.585,905.304
36.6003,785.717,875.747
37.066,789.666,886.74
37.5312,794.594,895.444
37.996,787.936,885.563
38.4604,788.02,881.602
38.9243,796.184,889.958
39.3878,792.164,913.765
39.8509,786.844,877.872
40.3136,786.581,869.105
40.7759,791.154,895.874
41.2378,792.241,893.85
41.6993,787.339,885.827
42.1604,787.424,883.334
42.6211,793.247,892.19
43.0815,788.85,905.429
43.5415,785.189,886.455
44.0011,790.048,880.282
44.4604,790.802,874.658
44.9193,791.775,890.398
45.3778,790.042,894.837
45.8361,786.35,868.11
46.2939,786.564,882.349
46.7515,790.886,890.292
47.2087,785.989,873.766
47.6656,789.785,877.018
48.1222,790.764,900.772
48.5785,784.895,884.187
49.0345,786.017,871.027
49.4902,789.878,890.554
49.9456,788.473,878.242
50.4007,783.083,873.6
50.8556,787.173,879.105
51.3102,790.231,899.232
51.7645,783.938,873.371
52.2185,780.985,868.264
52.6723,789.207,886.87
53.1258,788.011,881.811
53.5791,782.481,878.982
54.0322,783.107,883.965
54.485,787.245,885.218
54.9376,779.748,875.232
55.3899,777.448,875.715
55.8421,785.118,881.547
56.294,783.857,877.756
56.7458,779.129,872.356
57.1973,785.733,875.726
57.6486,785.174,878.808
58.0998,780.518,874.596
58.5508,780.592,875.927
59.0016,784.203,874.562
59.4522,780.665,874.804
59.9026,778.021,873.655
60.3529,780.612,873.606
60.8031,779.414,876.62
61.2531,776.043,878.981
61.7029,779.717,874.778
62.1527,782.706,883.7
62.6023,776.573,883.945
63.0517,773.477,878.379
63.5011,776.107,873.105
63.9503,777.242,878.496
64.3994,778.245,879.957
64.8484,775.793,876.033
65.2973,777.918,876.138
65.7462,776.892,877.068
66.1949,773.018,873.781
66.6436,773.637,871.409
67.0922,774.851,874.339
67.5407,772.569,880.321
67.9891,769.482,875.443
68.4375,771.869,869.902
68.8859,774.133,877.714
69.3342,770.562,875.365
69.7824,767.273,871.819
70.2307,770.367,871.346
70.6789,770.21,869.839
71.127,768.908,864.868
71.5752,766.963,866.293
72.0233,768.488,868.21
72.4715,767.489,866.75
72.9196,769.315,868.385
73.3677,769.668,876.089
73.8159,768.121,864.624
74.264,766.829,859.885
74.7122,766.761,861.613
75.1604,765.648,863.084
75.6087,764.542,860.985
76.0569,764.337,859.092
76.5053,766.33,861.264
76.9537,763.759,863.729
77.4021,760.504,857.629
77.8506,761.444,856.466
78.2991,762.347,857.242
78.7478,761.696,860.089
79.1965,759.161,854.465
79.6453,760.314,851.778
80.0941,760.705,850.722
80.5431,760.247,858.501
80.9922,759.099,852.241
81.4414,757.829,850.204
81.8907,757.899,846.571
82.3401,759.241,855.584
82.7896,757.101,857.739
83.2393,754.629,852.768
83.6891,753.95,846.831
84.139,756.875,845.789
84.5891,755.845,850.224
85.0394,754.756,845.954
85.4898,752.712,840.993
85.9403,751.258,840.257
86.391,751.605,846.353
86.8419,751.689,848.013
87.293,751.575,840.648
87.7443,749.955,836.694
88.1957,748.556,837.634
88.6474,747.647,842.877
89.0992,747.992,843.602
89.5513,747.057,840.584
90.0036,745.586,838.746
90.4561,744.238,836.319
90.9088,744.437,837.102
91.3618,745.115,838.691
91.8149,742.719,834.536
92.2684,742.6,832.607
92.7221,741.571,836.679
93.176,739.857,834.917
93.6302,738.796,834.585
94.0846,738.576,833.448
94.5394,737.27,832.435
94.9944,737.434,829.478
95.4497,736.682,828.19
95.9053,735.026,832.124
96.3611,733.867,832.767
96.8173,734.022,828.951
97.2738,733.139,826.76
97.7305,732.248,826.023
98.1876,732.341,826.76
98.6451,731.691,821.83
99.1028,729.915,819.482
99.5609,729.208,822.168
100.019,727.861,822.009
100.478,727.196,819.238
100.937,726.717,818.167
101.397,726.045,819.076
101.857,724.752,817.301
102.317,724.842,815.285
102.777,724.332,816.787
103.238,722.657,812.373
103.7,721.537,808.4
104.161,720.575,807.743
104.623,719.518,809.458
105.086,719.227,811.446
105.549,718.598,807.633
106.012,717.66,799.792
106.476,716.584,801.153
106.94,715.391,803.023
107.405,714.083,806.103
107.87,713.823,806.059
108.335,712.629,803.204
108.801,711.916,798.907
109.268,711.309,796.541
109.735,709.754,792.501
110.202,709.324,790.666
110.67,708.115,792.795
111.138,706.153,793.65
111.607,705.917,793.094
112.076,705.444,791.502
112.546,705.807,791.318
113.016,704.747,790.02
113.487,703.927,790.949
113.958,702.307,789.832
114.43,701.063,787.033
114.902,699.854,785.354
115.375,699.611,785.383
115.848,698.196,784.843
116.322,697.033,783.795
116.796,695.774,785.741
117.271,693.461,787.749
117.747,694.136,786.748
118.223,693.97,784.187
118.7,692.021,782.461
119.177,691.595,779.42
119.655,689.687,776.625
120.133,688.563,774.473
120.612,688.461,772.799
121.092,686.139,772.425
121.572,684.936,770.436
122.053,684.313,769.611
122.534,684.344,770.2
123.016,684.564,769.124
123.499,682.5,766.377
123.982,681.937,761.5
124.466,681.207,760.732
124.95,680.533,763.436
125.435,680.908,764.828
125.921,678.844,764.99
126.408,679.253,762.807
126.895,677.958,764.788
127.383,677.113,763.052
127.871,677.235,761.07
128.36,675.535,761.164
128.85,674.703,759.426
129.34,674.158,756.964
129.832,672.87,755.622
130.324,672.79,751.358
130.816,670.435,750.947
131.309,669.148,753.772
131.803,670.559,755.66
132.298,669.849,752.941
132.794,669.391,750.306
133.29,668.274,752.876
133.787,667.865,755.797
134.285,666.714,756.304
134.783,665.752,751.749
135.282,665.49,747.765
135.782,662.718,747.525
136.283,661.399,744.384
136.784,662.111,741.215
137.286,660.423,742.438
137.789,658.477,745.921
138.293,655.95,746.345
138.798,657.268,744.071
139.303,661.592,740.821
139.809,662.296,739.359
140.316,662.164,743.339
140.824,660.023,738.85
141.333,657.817,736.514
141.842,656.043,739.714
142.352,655.983,737.673
142.863,654.049,737.622
143.375,653.641,736.79
143.888,653.437,738.314
144.401,653.615,740.222
144.916,650.654,736.756
145.431,647.511,731.979
145.947,649.268,732.494
146.464,648.69,735.559
146.982,647.219,736.569
147.5,646.096,738.928
148.02,644.446,743.838
148.54,645.681,744.346
149.061,649.538,735.065
149.584,651.837,730.805
150.107,653.054,725.678
150.631,652.822,724.573
151.155,649.3,727.373
151.681,649.828,732.152
152.208,650.166,731.589
152.735,650.206,731.217
153.264,650.447,729.882
153.793,650.265,726.723
154.323,650.377,718.763
154.855,650.808,718.446
155.387,650.127,712.814
155.92,649.662,713.42
156.454,649.453,719.447
156.989,649.517,719.662
157.524,649.767,718.621
158.061,650.268,718.249
158.599,651.195,715.344
159.138,651.601,712.269
159.677,651.26,710.46
160.218,652.215,715.017
160.76,653.779,724.741
161.302,653.386,728.951
161.846,652.963,731.347
162.39,653.059,727.278
162.935,654.786,725.916
163.482,655.298,726.764
164.029,655.473,734.064
164.577,656.165,730.788
165.127,656.508,723.187
165.677,656.89,738.618
166.228,656.453,740.202
166.781,658.893,735.534
167.334,659.133,731.812
167.888,659.272,736.695
168.443,660.857,734.243
169.0,661.354,736.213
169.557,662.477,742.625
170.115,662.749,742.933
170.674,663.636,745.669
171.234,664.47,741.213
171.796,665.069,739.049
172.358,667.038,744.974
172.921,668.198,744.04
173.485,669.24,743.171
174.05,670.281,751.331
174.617,671.986,753.742
175.184,670.249,756.222
175.752,672.897,754.917
176.321,671.851,746.69
176.892,674.633,751.374
177.463,676.181,758.51
178.035,676.879,759.527
178.608,678.361,759.446
179.183,679.724,771.135
179.758,679.035,763.272
180.334,680.047,764.353
180.911,679.9,766.534
181.49,680.265,768.949
182.069,681.282,761.873
182.649,683.091,782.299
183.23,685.191,782.429
183.813,683.612,770.127
184.396,686.484,769.535
184.98,687.455,790.158
185.566,688.562,788.663
186.152,688.008,781.837
186.739,693.905,774.601
187.327,692.081,787.612
187.917,696.512,786.188
188.507,694.796,788.061
189.098,695.711,781.122
189.69,699.082,763.788
190.283,705.485,785.994
190.877,699.406,789.99
191.473,707.944,789.363
192.069,706.866,779.183
192.666,711.327,787.107
193.264,709.661,767.959
193.863,712.535,796.734
194.463,718.139,795.273
195.063,714.505,783.823
195.665,722.192,794.127
196.268,727.381,794.081
196.872,723.086,803.459
197.476,725.427,810.211
198.082,731.945,810.155
198.688,729.869,780.466
199.296,732.972,821.356
199.904,735.01,786.606
200.513,734.55,788.3
201.123,745.307,788.18
201.735,743.603,808.78
202.346,746.529,817.243
202.959,745.617,807.864
203.573,746.996,825.185
204.187,748.662,837.6
204.803,753.012,820.136
205.419,757.894,837.398
206.036,752.891,833.847
206.654,766.964,848.763
207.273,758.839,823.124
207.893,762.659,852.385
208.513,767.723,829.72
209.135,769.696,805.185
209.757,768.068,853.068
210.38,776.098,816.792
211.003,773.729,867.247
211.628,775.948,869.613
212.253,776.355,859.084
212.879,775.982,868.992
213.506,779.2,863.714
214.134,784.849,855.396
214.762,788.21,881.759
215.391,793.558,863.06
216.021,789.673,881.354
216.651,791.589,883.626
217.283,797.404,849.777
217.915,787.117,900.185
218.547,804.821,864.967
219.18,802.593,863.319
219.814,814.356,912.566
220.449,802.953,882.461
221.084,804.598,900.163
221.72,808.601,904.91
222.357,814.75,876.063
222.994,812.267,912.852
223.632,835.157,885.99
224.27,822.947,898.59
224.909,826.042,912.111
225.548,827.273,918.005
226.188,829.451,915.435
226.829,823.426,906.318
227.47,830.629,887.837
228.112,842.188,903.294
228.754,838.39,909.877
229.396,836.392,887.477
230.04,843.032,926.394
230.683,848.736,937.63
231.327,843.887,922.259
231.972,845.944,924.656
232.617,853.049,926.545
233.262,850.636,935.829
233.908,856.349,940.223
234.554,853.261,941.144
235.201,848.489,931.688
235.848,868.878,944.752
236.495,881.518,974.943
237.143,856.27,912.765
237.791,851.209,961.91
238.439,873.605,950.035
239.088,872.465,961.283
239.737,870.098,939.458
240.386,872.098,970.496
241.036,871.502,959.578
241.685,868.964,932.619
242.335,872.888,935.037
242.985,885.046,958.311
243.636,885.933,976.611
244.286,874.39,948.141
244.937,873.337,953.147
245.588,889.444,946.832
246.239,887.933,984.229
246.891,894.566,964.227
247.542,880.594,971.395
248.193,891.454,947.319
248.845,869.262,983.035
249.497,887.043,964.405
250.148,898.103,1002.07
250.8,899.388,925.364
251.452,877.504,983.431
252.104,889.82,978.68
252.756,896.576,991.887
253.408,893.517,963.437
254.059,898.4,963.254
254.711,888.81,970.584
255.363,884.074,957.603
256.015,882.732,989.393
256.666,900.763,955.596
257.318,898.919,981.598
257.969,907.916,953.497
258.621,882.322,965.503
259.272,873.875,985.075
259.923,874.856,1007.56
260.574,885.977,995.811
261.224,901.454,981.137
261.875,899.66,910.148
262.525,894.967,924.012
263.175,890.583,974.813
263.825,868.926,977.517
264.475,873.768,1010.55
265.124,898.347,943.238
265.773,898.921,972.919
266.422,884.332,935.048
267.07,879.497,953.526
267.718,887.285,995.744
268.366,867.59,973.262
269.014,873.198,993.144
269.661,895.077,952.914
270.307,894.634,940.457
270.954,887.852,917.429
271.6,862.353,958.163
272.245,862.35,1004.25
272.891,870.163,953.09
273.535,886.167,991.759
274.18,887.442,902.895
274.823,887.207,913.181
275.467,875.308,938.102
276.11,849.497,972.992
276.752,858.824,997.977
277.394,875.25,980.023
278.035,889.581,923.34
278.676,875.854,917.26
279.316,870.456,928.494
279.956,862.73,949.901
280.595,845.382,977.005
281.234,861.552,982.81
281.872,878.085,932.583
282.509,872.386,879.968
283.146,863.046,916.26
283.782,866.753,936.584
284.417,849.779,962.38
285.052,845.63,978.308
285.687,868.041,919.05
286.32,867.162,928.853
286.953,860.129,924.704
287.585,843.231,935.916
288.217,851.823,953.372
288.847,858.59,940.69
289.478,854.967,945.614
290.107,849.757,905.005
290.736,839.92,918.485
291.363,848.156,947.516
291.991,848.84,927.555
292.617,842.958,947.504
293.243,859.013,887.042
293.867,842.836,889.948
294.491,835.086,941.273
295.115,843.235,905.076
295.737,840.341,957.096
296.359,845.461,902.217
296.98,833.102,869.998
297.6,832.646,920.106
298.219,839.584,910.971
298.837,834.965,963.636
299.455,840.04,903.272
300.071,839.301,907.994
300.687,835.323,903.662
301.302,827.951,916.543
301.916,830.79,917.571
302.529,839.673,922.341
303.142,826.811,903.848
303.753,819.512,902.924
304.363,814.434,905.869
304.973,833.536,920.406
305.582,832.23,934.15
306.189,817.926,873.527
306.796,836.407,891.251
307.402,824.604,873.023
308.007,809.672,920.626
308.611,825.878,890.122
309.215,814.869,906.85
309.817,815.565,911.144
310.418,810.68,881.497
311.018,830.112,837.429
311.618,822.931,899.775
312.216,813.337,862.663
312.813,808.783,894.001
313.41,821.142,936.136
314.005,798.39,928.101
314.6,810.326,909.521
315.194,820.339,908.526
315.786,811.698,868.064
316.378,801.558,880.007
316.968,825.372,900.609
317.558,805.205,927.166
318.147,791.034,897.394
318.734,806.716,894.562
319.321,815.931,926.979
319.907,805.366,883.485
320.491,796.965,888.976
321.075,822.473,885.299
321.658,796.692,892.586
322.239,789.637,897.622
322.82,803.821,881.904
323.4,802.521,917.826
323.978,800.324,882.63
324.556,790.705,859.979
325.133,814.942,893.228
325.709,797.671,904.747
326.283,788.129,854.452
326.857,791.406,899.542
327.43,813.853,877.653
328.001,793.285,892.575
328.572,791.182,887.033
329.141,794.621,878.737
329.71,799.547,882.031
330.278,787.203,866.344
330.844,790.027,873.511
331.41,798.086,880.15
331.975,798.875,845.152
332.538,781.577,834.851
333.101,797.279,873.968
333.662,787.935,881.86
334.223,789.776,839.346
334.783,778.117,885.446
335.341,798.966,845.212
335.899,782.824,840.753
336.456,795.156,878.593
337.011,788.349,859.169
337.566,784.907,879.442
338.119,787.318,858.501
338.672,785.767,837.932
339.224,783.539,889.467
339.774,793.971,847.506
340.324,782.404,868.085
340.873,788.908,884.302
341.421,779.416,843.792
341.967,788.089,877.566
342.513,784.075,869.034
343.058,780.428,858.236
343.602,777.661,889.17
344.145,788.93,861.675
344.687,786.188,844.751
345.228,776.784,864.032
345.768,788.072,844.651
346.307,782.688,850.417
346.845,786.249,860.898
347.382,782.057,865.602
347.919,779.545,871.725
348.454,782.54,872.512
348.988,776.049,872.352
349.522,781.244,867.778
350.054,775.136,845.253
350.586,784.519,856.077
351.116,783.0,844.003
351.646,774.237,859.654
352.175,784.829,866.51
352.703,773.999,871.807
353.23,781.563,895.536
353.756,783.611,845.605
354.281,774.728,885.411
354.805,785.034,852.037
355.329,775.86,873.143
355.851,778.004,879.486
356.373,776.53,871.908
356.894,771.287,886.097
357.414,783.371,843.781
357.933,770.821,881.255
358.451,785.494,865.02
358.968,771.049,883.819
359.484,781.149,893.509
360.0,776.354,869.355
0.514709,775.293,891.847
1.02858,775.885,879.185
9.96921e+36,9.96921e+36,9.96921e+36
