#Cannot add temp
#Cannot add altitude
#Cannot add pressure
#Cannot add geopotential
#Cannot add theta
L_S,vl1,vl2
360.0,0.0,0.0
0.514709,918.342,996.023
1.02858,920.571,1000.11
1.54161,918.038,1004.89
2.05381,915.71,1005.73
2.56517,914.593,1005.32
3.07571,910.872,992.278
3.58543,906.804,984.49
4.09433,905.54,1005.05
4.60242,904.216,1026.8
5.1097,909.115,1011.09
5.61618,904.742,1023.84
6.12186,909.257,1019.52
6.62675,911.471,1022.06
7.13085,914.449,1018.16
7.63416,912.641,1027.83
8.1367,911.217,1025.04
8.63847,915.377,1022.77
9.13947,919.012,1013.77
9.63971,917.23,1009.82
10.1392,920.263,1008.77
10.6379,917.522,1027.18
11.1359,913.335,1031.3
11.6331,919.515,1031.26
12.1296,917.634,1046.43
12.6254,912.691,1029.38
13.1204,919.652,1021.51
13.6148,921.07,1039.31
14.1084,917.929,1030.94
14.6013,913.365,1018.65
15.0934,922.813,1037.31
15.5849,913.576,1040.03
16.0757,913.109,1021.9
16.5658,918.742,1028.93
17.0552,915.717,1010.45
17.544,916.612,1007.04
18.032,920.523,1025.02
18.5194,913.147,1028.84
19.0062,911.729,1019.12
19.4923,916.356,1020.8
19.9777,916.382,1006.62
20.4625,915.758,1007.35
20.9466,916.737,1027.45
21.4301,912.6,1017.66
21.913,911.049,992.519
22.3952,916.637,1012.89
22.8769,912.822,1022.65
23.3579,912.65,998.1
23.8383,912.089,1004.26
24.3181,913.44,1017.28
24.7973,913.025,1017.01
25.276,909.72,1010.5
25.754,910.018,1007.33
26.2315,911.921,1015.17
26.7083,910.744,1013.62
27.1847,908.268,1013.69
27.6604,907.613,1004.43
28.1356,908.854,1006.84
28.6103,907.159,1005.33
29.0843,905.756,1003.73
29.5579,903.492,996.578
30.0309,903.254,1006.65
30.5034,903.207,1010.0
30.9754,902.086,1011.67
31.4468,901.084,1012.35
31.9178,902.261,1007.74
32.3882,901.635,1006.2
32.8582,900.31,1011.69
33.3276,899.934,1012.35
33.7965,899.494,1009.25
34.265,898.873,1007.56
34.733,899.073,1005.7
35.2005,896.724,1003.59
35.6676,895.868,997.21
36.1341,895.539,992.733
36.6003,895.529,991.817
37.066,893.469,993.126
37.5312,893.387,1000.48
37.996,893.071,1002.77
38.4604,891.805,1006.22
38.9243,891.279,1003.68
39.3878,892.049,1001.1
39.8509,891.937,997.598
40.3136,890.339,996.661
40.7759,888.173,996.479
41.2378,886.467,995.887
41.6993,885.031,992.604
42.1604,885.196,992.25
42.6211,884.657,993.86
43.0815,883.808,994.99
43.5415,883.852,992.169
44.0011,882.293,987.167
44.4604,881.526,983.657
44.9193,880.981,979.785
45.3778,879.222,978.3
45.8361,878.245,975.777
46.2939,877.139,973.882
46.7515,874.884,974.033
47.2087,874.736,975.183
47.6656,873.409,978.303
48.1222,872.368,975.438
48.5785,871.979,968.526
49.0345,870.675,961.202
49.4902,868.714,960.632
49.9456,867.337,968.602
50.4007,867.233,969.688
50.8556,865.984,966.332
51.3102,864.973,961.482
51.7645,864.147,963.549
52.2185,862.645,964.595
52.6723,860.092,965.449
53.1258,859.427,964.507
53.5791,857.949,962.096
54.0322,856.529,961.664
54.485,855.813,957.129
54.9376,855.824,954.661
55.3899,855.88,954.975
55.8421,853.233,949.655
56.294,852.725,949.8
56.7458,851.22,954.338
57.1973,849.86,954.838
57.6486,848.036,952.774
58.0998,847.499,950.42
58.5508,847.265,947.316
59.0016,845.522,949.456
59.4522,844.284,950.214
59.9026,843.215,948.875
60.3529,842.594,947.384
60.8031,841.064,948.152
61.2531,840.495,948.871
61.7029,838.431,950.896
62.1527,837.768,948.415
62.6023,836.694,942.312
63.0517,836.491,935.454
63.5011,835.09,930.531
63.9503,834.574,933.112
64.3994,833.355,936.633
64.8484,832.701,937.343
65.2973,830.7,935.589
65.7462,827.989,933.915
66.1949,826.879,930.649
66.6436,826.654,921.093
67.0922,826.842,913.05
67.5407,825.793,910.886
67.9891,824.624,914.91
68.4375,822.505,917.375
68.8859,822.356,918.731
69.3342,821.486,917.818
69.7824,822.137,919.064
70.2307,820.527,915.788
70.6789,819.966,913.356
71.127,817.896,909.56
71.5752,816.485,907.792
72.0233,814.037,908.92
72.4715,813.28,911.286
72.9196,811.772,911.889
73.3677,811.035,907.726
73.8159,809.584,901.738
74.264,808.418,897.004
74.7122,807.314,890.881
75.1604,806.676,886.749
75.6087,806.785,890.388
76.0569,805.098,893.698
76.5053,804.127,891.711
76.9537,802.114,890.188
77.4021,801.169,889.249
77.8506,798.152,887.292
78.2991,796.699,888.823
78.7478,795.052,887.881
79.1965,794.823,884.163
79.6453,792.677,879.952
80.0941,791.945,876.619
80.5431,790.474,878.68
80.9922,790.242,879.921
81.4414,789.158,879.633
81.8907,787.789,876.771
82.3401,786.344,873.234
82.7896,784.875,869.763
83.2393,783.927,866.625
83.6891,782.395,866.466
84.139,781.209,866.859
84.5891,779.766,865.772
85.0394,778.926,863.787
85.4898,776.867,861.914
85.9403,775.969,858.774
86.391,774.071,857.438
86.8419,773.402,858.471
87.293,771.277,858.211
87.7443,769.612,856.009
88.1957,768.572,852.577
88.6474,768.034,850.482
89.0992,765.837,849.709
89.5513,764.401,848.972
90.0036,763.177,848.334
90.4561,761.832,846.743
90.9088,760.64,846.785
91.3618,759.786,847.297
91.8149,759.206,846.167
92.2684,757.573,844.129
92.7221,756.493,843.994
93.176,754.705,841.769
93.6302,753.715,839.25
94.0846,751.644,837.354
94.5394,749.963,833.773
94.9944,748.742,831.334
95.4497,747.813,829.623
95.9053,746.445,830.462
96.3611,745.153,829.133
96.8173,744.156,829.466
97.2738,742.634,829.266
97.7305,741.555,827.617
98.1876,739.945,823.831
98.6451,738.556,820.937
99.1028,736.55,816.487
99.5609,735.34,816.538
100.019,733.554,817.01
100.478,732.626,815.528
100.937,731.452,813.571
101.397,730.477,812.833
101.857,729.098,810.966
102.317,728.038,813.404
102.777,726.749,811.903
103.238,725.019,811.735
103.7,723.405,808.781
104.161,722.515,802.902
104.623,721.591,798.744
105.086,719.538,796.994
105.549,718.166,801.547
106.012,716.914,804.234
106.476,715.894,803.567
106.94,714.706,800.297
107.405,713.949,793.582
107.87,712.698,789.285
108.335,711.318,790.599
108.801,710.438,791.929
109.268,708.871,790.05
109.735,707.655,789.651
110.202,706.311,789.766
110.67,704.963,786.313
111.138,703.592,783.169
111.607,702.654,780.894
112.076,701.771,780.886
112.546,700.683,782.149
113.016,699.281,783.115
113.487,698.284,781.563
113.958,697.381,779.153
114.43,695.903,779.167
114.902,694.353,779.055
115.375,693.476,777.073
115.848,692.134,776.004
116.322,691.241,777.193
116.796,690.181,776.47
117.271,688.314,777.22
117.747,686.96,776.776
118.223,685.093,772.946
118.7,684.364,768.314
119.177,684.441,762.774
119.655,683.993,763.928
120.133,682.259,766.237
120.612,681.013,767.9
121.092,679.536,768.215
121.572,678.095,766.995
122.053,677.249,764.776
122.534,677.029,763.201
123.016,676.016,762.698
123.499,675.32,759.954
123.982,673.763,757.056
124.466,673.373,756.29
124.95,672.058,757.599
125.435,670.46,759.939
125.921,671.138,756.65
126.408,670.073,754.754
126.895,669.316,755.178
127.383,669.229,755.98
127.871,668.088,756.551
128.36,667.099,756.702
128.85,664.409,755.42
129.34,664.458,756.425
129.832,664.288,757.378
130.324,663.547,752.848
130.816,663.361,741.93
131.309,662.294,740.192
131.803,661.099,744.961
132.298,660.362,745.643
132.794,658.803,744.025
133.29,658.723,742.507
133.787,657.378,743.291
134.285,656.215,740.596
134.783,654.962,740.666
135.282,654.671,740.968
135.782,652.778,737.659
136.283,651.055,740.992
136.784,651.856,740.97
137.286,652.978,743.173
137.789,653.53,742.971
138.293,653.301,741.529
138.798,651.234,744.707
139.303,650.721,745.547
139.809,649.81,735.788
140.316,648.026,730.207
140.824,644.9,731.181
141.333,647.4,729.969
141.842,648.317,727.077
142.352,647.763,729.982
142.863,647.242,730.476
143.375,645.879,727.563
143.888,646.379,724.221
144.401,645.118,722.441
144.916,643.685,722.572
145.431,642.065,723.385
145.947,641.309,721.284
146.464,640.314,722.154
146.982,639.102,724.044
147.5,640.961,721.405
148.02,642.306,721.914
148.54,643.297,722.727
149.061,644.896,722.329
149.584,644.785,722.174
150.107,643.63,722.129
150.631,641.261,719.633
151.155,641.713,720.492
151.681,640.713,719.737
152.208,638.539,718.551
152.735,638.249,715.342
153.264,638.224,713.106
153.793,638.434,709.692
154.323,639.44,715.908
154.855,640.633,720.878
155.387,640.507,713.716
155.92,640.883,707.253
156.454,639.975,698.661
156.989,639.206,705.507
157.524,638.811,699.243
158.061,641.418,699.302
158.599,642.454,701.891
159.138,642.728,700.828
159.677,641.498,706.13
160.218,642.095,711.738
160.76,644.355,710.864
161.302,644.929,704.189
161.846,644.464,700.099
162.39,645.773,711.083
162.935,647.195,716.582
163.482,646.697,717.597
164.029,647.215,720.072
164.577,648.0,724.282
165.127,649.223,722.792
165.677,651.118,720.465
166.228,650.81,718.589
166.781,651.943,727.53
167.334,652.552,730.268
167.888,652.485,737.306
168.443,652.58,733.596
169.0,652.875,726.966
169.557,654.421,727.664
170.115,655.508,733.284
170.674,656.401,729.312
171.234,657.269,731.717
171.796,657.052,734.234
172.358,657.262,730.055
172.921,659.293,738.744
173.485,660.012,741.205
174.05,660.543,738.056
174.617,662.682,737.494
175.184,664.571,741.115
175.752,664.018,747.758
176.321,667.251,743.502
176.892,667.28,748.577
177.463,668.261,745.483
178.035,669.929,748.764
178.608,670.372,745.568
179.183,673.17,753.021
179.758,674.913,761.598
180.334,672.431,754.732
180.911,674.037,765.854
181.49,673.938,750.06
182.069,674.999,763.672
182.649,676.982,761.973
183.23,679.161,767.316
183.813,678.98,768.291
184.396,680.741,771.873
184.98,681.229,769.011
185.566,681.873,758.746
186.152,684.38,770.307
186.739,682.688,769.953
187.327,684.947,768.15
187.917,691.675,780.424
188.507,689.621,783.043
189.098,691.621,776.055
189.69,694.969,788.815
190.283,691.738,767.772
190.877,699.627,780.575
191.473,698.776,794.235
192.069,702.472,779.912
192.666,701.123,766.669
193.264,711.108,797.491
193.863,703.401,782.657
194.463,705.493,788.155
195.063,713.538,778.815
195.665,717.339,795.856
196.268,711.228,793.088
196.872,713.746,802.286
197.476,726.26,785.245
198.082,720.233,797.198
198.688,725.962,803.024
199.296,727.484,785.602
199.904,727.711,779.985
200.513,729.471,810.954
201.123,735.495,808.299
201.735,734.417,806.683
202.346,733.994,822.217
202.959,740.814,799.367
203.573,738.318,801.507
204.187,748.985,835.123
204.803,746.105,806.407
205.419,750.016,839.752
206.036,752.49,811.545
206.654,750.501,824.301
207.273,756.617,840.714
207.893,761.093,827.244
208.513,760.94,808.288
209.135,756.383,857.077
209.757,774.19,825.028
210.38,767.524,847.924
211.003,766.659,858.149
211.628,768.879,846.592
212.253,769.932,830.161
212.879,778.115,857.674
213.506,782.875,857.51
214.134,780.964,867.898
214.762,785.461,861.711
215.391,785.58,849.635
216.021,782.65,882.477
216.651,792.834,854.717
217.283,796.801,886.246
217.915,792.51,892.872
218.547,797.531,868.481
219.18,796.118,858.154
219.814,795.97,897.852
220.449,802.806,856.392
221.084,801.415,908.014
221.72,818.797,888.813
222.357,811.731,890.753
222.994,807.611,920.356
223.632,821.323,879.921
224.27,828.94,938.868
224.909,816.681,889.442
225.548,815.235,918.577
226.188,836.518,897.693
226.829,824.441,940.217
227.47,817.175,910.468
228.112,833.735,906.097
228.754,843.466,938.803
229.396,839.945,907.875
230.04,833.546,914.91
230.683,855.676,929.366
231.327,832.836,919.729
231.972,831.206,932.439
232.617,855.57,935.923
233.262,853.716,947.86
233.908,846.352,940.599
234.554,855.797,945.482
235.201,859.907,913.9
235.848,852.74,932.435
236.495,867.496,970.988
237.143,869.808,937.193
237.791,863.23,931.959
238.439,859.073,949.253
239.088,869.616,967.829
239.737,863.908,972.999
240.386,872.811,954.655
241.036,880.599,963.388
241.685,881.143,962.622
242.335,861.857,955.668
242.985,873.915,946.72
243.636,890.171,962.118
244.286,880.551,977.581
244.937,881.463,965.969
245.588,880.151,981.95
246.239,876.013,951.387
246.891,878.295,989.982
247.542,902.933,959.975
248.193,891.452,984.617
248.845,883.366,943.685
249.497,872.104,991.263
250.148,897.095,966.161
250.8,895.011,994.724
251.452,899.401,954.643
252.104,890.435,983.487
252.756,882.586,979.657
253.408,894.009,973.064
254.059,895.3,1008.12
254.711,911.739,962.401
255.363,888.791,937.35
256.015,880.904,981.658
256.666,888.384,985.607
257.318,888.058,979.279
257.969,913.429,990.349
258.621,895.458,923.076
259.272,892.841,960.123
259.923,876.344,1010.46
260.574,880.157,981.197
261.224,898.944,999.271
261.875,906.389,988.353
262.525,897.863,919.94
263.175,874.247,959.838
263.825,890.277,977.229
264.475,885.44,1012.63
265.124,886.326,996.189
265.773,898.357,945.063
266.422,889.745,947.334
267.07,879.414,979.322
267.718,890.045,955.937
268.366,890.38,981.029
269.014,902.599,930.085
269.661,871.837,950.309
270.307,868.644,980.42
270.954,885.296,958.773
271.6,882.383,995.096
272.245,899.958,947.191
272.891,885.007,923.128
273.535,875.259,957.548
274.18,867.407,989.148
274.823,874.188,999.371
275.467,888.271,959.668
276.11,881.394,921.484
276.752,876.637,948.108
277.394,878.955,948.902
278.035,862.188,981.417
278.676,875.753,966.095
279.316,878.36,908.067
279.956,874.521,945.769
280.595,859.989,965.831
281.234,864.611,924.108
281.872,878.392,965.124
282.509,881.166,920.282
283.146,851.859,919.195
283.782,854.982,976.909
284.417,866.383,963.018
285.052,862.587,947.994
285.687,874.146,923.274
286.32,870.748,921.526
286.953,853.807,937.183
287.585,852.111,954.116
288.217,852.241,977.535
288.847,862.193,935.366
289.478,841.753,884.974
290.107,856.245,928.977
290.736,862.975,939.911
291.363,847.574,936.621
291.991,854.342,929.081
292.617,853.906,920.432
293.243,842.662,937.41
293.867,841.693,925.713
294.491,845.943,934.243
295.115,856.112,942.191
295.737,837.515,897.59
296.359,850.359,919.956
296.98,833.254,935.597
297.6,831.542,940.016
298.219,851.569,937.675
298.837,845.282,855.101
299.455,835.849,905.908
300.071,825.063,928.716
300.687,833.852,920.953
301.302,840.967,943.716
301.916,839.61,918.072
302.529,840.756,894.635
303.142,831.432,881.592
303.753,821.412,920.707
304.363,825.735,946.025
304.973,831.173,911.447
305.582,836.72,933.918
306.189,824.68,914.638
306.796,809.386,902.907
307.402,835.462,903.582
308.007,841.17,917.915
308.611,817.699,911.273
309.215,814.563,910.571
309.817,829.487,871.505
310.418,822.113,916.133
311.018,817.142,891.899
311.618,822.826,901.061
312.216,832.513,940.539
312.813,810.687,873.557
313.41,806.718,892.234
314.005,835.452,908.573
314.6,814.586,937.109
315.194,805.766,894.915
315.786,821.602,931.184
316.378,812.096,929.084
316.968,805.121,878.261
317.558,807.375,901.563
318.147,831.126,910.285
318.734,806.533,912.246
319.321,813.27,891.325
319.907,811.158,906.258
320.491,808.053,885.443
321.075,798.39,889.242
321.658,820.271,905.88
322.239,806.999,914.638
322.82,800.37,871.43
323.4,802.262,860.158
323.978,820.867,888.855
324.556,798.762,895.308
325.133,795.033,880.762
325.709,804.782,911.222
326.283,809.722,883.318
326.857,793.198,863.279
327.43,792.486,879.004
328.001,809.692,858.419
328.572,805.479,886.855
329.141,796.02,878.824
329.71,797.414,886.394
330.278,794.014,896.232
330.844,794.32,886.601
331.41,796.894,904.295
331.975,794.693,894.128
332.538,790.82,865.019
333.101,790.022,886.332
333.662,803.936,855.279
334.223,799.032,896.105
334.783,789.248,883.581
335.341,790.927,853.56
335.899,792.511,901.83
336.456,791.011,871.794
337.011,788.505,869.479
337.566,787.606,895.694
338.119,790.169,855.395
338.672,799.049,888.105
339.224,792.107,876.015
339.774,796.335,846.547
340.324,787.79,889.363
340.873,804.587,862.113
341.421,794.852,874.359
341.967,783.946,884.544
342.513,785.062,851.09
343.058,800.779,878.33
343.602,788.812,870.42
344.145,783.199,866.84
344.687,786.696,890.902
345.228,792.573,877.305
345.768,792.934,859.85
346.307,781.678,890.096
346.845,795.604,873.11
347.382,795.271,824.232
347.919,788.709,879.238
348.454,797.72,852.749
348.988,789.104,868.901
349.522,791.298,884.932
350.054,788.002,874.652
350.586,788.049,859.714
351.116,783.835,882.016
351.646,788.985,892.71
352.175,786.297,883.778
352.703,789.22,879.602
353.23,782.947,883.253
353.756,789.134,865.003
354.281,785.536,878.616
354.805,789.364,879.591
355.329,782.714,888.745
355.851,786.08,874.171
356.373,781.664,891.84
356.894,793.362,864.77
357.414,783.246,875.849
357.933,790.743,892.388
358.451,786.156,888.821
358.968,782.093,877.128
359.484,783.44,896.596
360.0,776.97,901.457
0.514709,789.499,880.476
1.02858,779.062,876.599
1.54161,786.584,894.404
2.05381,778.207,910.897
2.56517,787.003,895.063
3.07571,780.699,873.367
3.58543,791.185,897.148
4.09433,795.501,896.909
4.60242,782.651,903.403
5.1097,785.556,890.111
5.61618,787.38,903.902
6.12186,793.42,872.476
6.62675,790.364,888.671
7.13085,794.649,896.152
7.63416,789.861,907.754
8.1367,793.297,893.721
8.63847,788.511,900.359
9.13947,786.523,878.155
9.63971,797.432,884.953
10.1392,793.451,891.578
10.6379,800.607,888.702
11.1359,792.695,914.109
11.6331,788.051,899.126
12.1296,789.936,899.691
12.6254,795.977,904.635
13.1204,794.178,892.59
13.6148,797.847,885.208
14.1084,795.918,904.297
14.6013,794.848,917.48
15.0934,791.361,905.543
15.5849,792.351,893.396
16.0757,798.041,902.833
16.5658,797.737,917.621
17.0552,793.245,891.987
17.544,800.977,876.826
18.032,800.227,916.039
18.5194,797.993,917.385
19.0062,794.641,886.516
19.4923,796.495,906.916
19.9777,801.604,907.566
20.4625,798.755,921.972
20.9466,793.995,903.4
21.4301,797.367,883.413
21.913,801.555,916.782
22.3952,797.618,910.543
22.8769,800.631,903.947
23.3579,798.9,902.258
23.8383,800.535,900.396
24.3181,801.497,893.109
24.7973,802.078,915.374
25.276,797.117,900.755
25.754,801.85,895.154
26.2315,805.353,906.794
26.7083,799.747,908.197
27.1847,801.198,903.589
27.6604,805.055,919.207
28.1356,799.616,899.695
28.6103,799.553,889.765
29.0843,808.102,913.14
29.5579,801.833,903.242
30.0309,796.904,894.94
30.5034,804.763,899.185
30.9754,803.439,913.922
31.4468,798.677,907.47
31.9178,801.529,908.06
32.3882,805.307,920.162
32.8582,799.364,893.985
33.3276,799.346,890.294
33.7965,809.634,912.937
34.265,800.919,906.329
34.733,795.315,888.77
35.2005,799.267,890.669
35.6676,802.789,903.343
36.1341,800.177,908.605
36.6003,801.56,899.446
37.066,802.868,902.544
37.5312,805.96,911.419
37.996,802.827,890.821
38.4604,799.261,887.653
38.9243,804.551,916.596
39.3878,801.689,901.116
39.8509,796.978,885.453
40.3136,803.835,905.41
40.7759,806.527,920.875
41.2378,797.324,889.846
41.6993,796.606,887.923
42.1604,804.722,905.319
42.6211,803.72,913.726
43.0815,797.705,892.93
43.5415,797.423,897.792
44.0011,805.587,901.835
44.4604,802.197,909.596
44.9193,798.054,886.642
45.3778,800.888,891.751
45.8361,805.264,900.657
46.2939,799.82,889.914
46.7515,799.594,897.395
47.2087,804.661,902.931
47.6656,802.108,892.803
48.1222,797.44,892.306
48.5785,800.997,903.929
49.0345,804.012,914.618
49.4902,798.486,886.012
49.9456,793.494,893.628
50.4007,796.624,897.647
50.8556,803.716,900.904
51.3102,800.495,897.762
51.7645,798.372,888.991
52.2185,797.31,890.815
52.6723,800.289,895.051
53.1258,799.669,895.81
53.5791,796.998,894.434
54.0322,799.24,890.637
54.485,798.654,896.732
54.9376,796.448,900.311
55.3899,792.84,898.454
55.8421,794.413,892.417
56.294,799.043,895.947
56.7458,797.16,900.859
57.1973,792.248,894.376
57.6486,792.86,887.062
58.0998,796.902,887.773
58.5508,797.084,896.403
59.0016,795.652,899.37
59.4522,792.569,897.69
59.9026,791.893,892.383
60.3529,793.397,893.14
60.8031,793.626,901.834
61.2531,791.778,895.753
61.7029,790.597,888.595
62.1527,792.683,887.474
62.6023,792.986,894.494
63.0517,787.879,895.057
63.5011,790.954,889.84
63.9503,793.99,889.637
64.3994,791.828,893.903
64.8484,789.45,892.601
65.2973,787.09,884.752
65.7462,789.834,881.586
66.1949,791.047,881.064
66.6436,790.077,892.399
67.0922,786.93,890.825
67.5407,787.453,886.591
67.9891,789.972,886.674
68.4375,789.168,888.705
68.8859,785.585,886.959
69.3342,785.158,884.472
69.7824,786.478,882.055
70.2307,785.731,890.297
70.6789,785.816,893.074
71.127,783.373,882.601
71.5752,785.708,877.991
72.0233,787.002,882.304
72.4715,784.867,889.835
72.9196,783.848,882.874
73.3677,784.249,877.104
73.8159,783.418,880.238
74.264,783.088,888.16
74.7122,781.832,886.893
75.1604,780.903,882.07
75.6087,779.672,881.702
76.0569,780.654,876.379
76.5053,780.859,876.92
76.9537,778.969,877.427
77.4021,777.232,876.165
77.8506,776.119,873.808
78.2991,775.684,874.925
78.7478,777.832,874.747
79.1965,778.178,875.424
79.6453,775.915,871.342
80.0941,774.79,871.827
80.5431,773.963,871.456
80.9922,771.754,869.531
81.4414,772.212,868.461
81.8907,772.079,873.163
82.3401,770.24,868.905
82.7896,770.71,864.206
83.2393,770.658,861.095
83.6891,770.75,863.088
84.139,768.556,863.81
84.5891,767.886,859.133
85.0394,766.216,858.538
85.4898,765.433,859.898
85.9403,765.826,862.005
86.391,765.845,863.626
86.8419,764.256,858.701
87.293,763.364,853.138
87.7443,762.114,857.182
88.1957,761.808,858.455
88.6474,761.684,854.129
89.0992,760.064,853.561
89.5513,758.86,848.662
90.0036,758.691,845.54
90.4561,757.582,847.92
90.9088,756.937,849.427
91.3618,756.276,849.234
91.8149,755.251,847.863
92.2684,754.276,845.388
92.7221,753.386,841.376
93.176,752.702,840.563
93.6302,751.547,840.317
94.0846,750.909,841.85
94.5394,749.914,841.264
94.9944,749.066,835.587
95.4497,747.319,831.603
95.9053,746.065,830.024
96.3611,745.07,828.409
96.8173,743.622,827.558
97.2738,743.505,828.195
97.7305,743.784,828.401
98.1876,742.746,829.131
98.6451,741.01,828.181
99.1028,740.281,825.744
99.5609,739.728,828.052
100.019,738.682,826.777
100.478,737.396,822.075
100.937,735.484,820.721
101.397,733.883,820.313
101.857,732.536,819.862
102.317,732.458,818.854
102.777,731.659,816.821
103.238,730.395,814.501
103.7,729.364,812.2
104.161,728.661,810.371
104.623,727.733,810.975
105.086,726.231,811.571
105.549,724.352,812.994
106.012,723.476,814.139
106.476,722.644,811.49
106.94,721.183,807.881
107.405,720.645,804.238
107.87,718.702,802.569
108.335,717.121,801.331
108.801,716.221,800.922
109.268,715.526,798.032
109.735,714.483,794.384
110.202,712.57,793.1
110.67,711.26,794.615
111.138,709.943,797.953
111.607,708.712,798.083
112.076,707.235,796.412
112.546,706.488,792.093
113.016,706.014,789.014
113.487,705.154,788.651
113.958,704.127,787.599
114.43,702.625,786.706
114.902,701.242,783.709
115.375,699.798,778.976
115.848,699.604,774.896
116.322,699.145,778.672
116.796,697.37,782.15
117.271,695.989,782.511
117.747,694.345,782.152
118.223,693.147,779.45
118.7,692.031,774.987
119.177,691.682,772.953
119.655,690.929,773.518
120.133,689.395,774.748
120.612,687.785,774.419
121.092,687.243,774.858
121.572,686.555,775.272
122.053,685.642,775.741
122.534,684.844,772.992
123.016,683.926,767.878
123.499,682.481,763.63
123.982,681.958,764.75
124.466,681.553,763.737
124.95,680.363,763.71
125.435,680.273,762.547
125.921,679.02,762.831
126.408,678.253,762.998
126.895,677.827,762.067
127.383,676.225,759.486
127.871,675.552,756.666
128.36,673.895,756.806
128.85,673.731,756.979
129.34,673.198,754.393
129.832,671.746,753.013
130.324,671.745,748.99
130.816,670.531,749.103
131.309,669.082,751.115
131.803,668.395,754.218
132.298,666.755,754.853
132.794,667.63,753.061
133.29,667.831,751.94
133.787,666.983,751.263
134.285,665.553,744.431
134.783,663.826,743.016
135.282,663.836,744.931
135.782,661.914,743.301
136.283,660.698,742.539
136.784,658.797,742.722
137.286,656.073,743.152
137.789,657.307,740.74
138.293,659.978,743.423
138.798,659.693,745.593
139.303,659.577,743.264
139.809,659.169,740.507
140.316,657.734,741.792
140.824,655.932,741.417
141.333,654.836,735.521
141.842,654.757,730.66
142.352,653.179,735.249
142.863,651.131,740.75
143.375,648.668,739.54
143.888,649.617,736.481
144.401,649.171,738.545
144.916,647.195,739.682
145.431,648.273,735.192
145.947,649.961,732.628
146.464,652.108,732.927
146.982,652.794,735.846
147.5,652.789,737.624
148.02,652.634,734.012
148.54,652.059,727.497
149.061,650.566,721.404
149.584,650.269,722.588
150.107,649.548,723.404
150.631,646.821,720.91
151.155,644.369,719.646
151.681,642.986,716.938
152.208,646.252,716.57
152.735,648.0,714.573
153.264,646.854,713.546
153.793,647.465,721.16
154.323,646.824,719.79
154.855,645.417,709.754
155.387,645.794,708.953
155.92,647.378,710.646
156.454,647.732,722.032
156.989,648.337,732.36
157.524,648.873,728.878
158.061,649.389,729.974
158.599,649.605,731.286
159.138,650.017,729.484
159.677,649.761,725.19
160.218,652.48,718.895
160.76,652.966,714.665
161.302,653.943,709.52
161.846,653.547,705.848
162.39,653.625,714.011
162.935,654.364,720.657
163.482,652.563,723.06
164.029,652.507,730.756
164.577,655.465,726.893
165.127,656.819,729.917
165.677,658.507,733.845
166.228,658.541,734.046
166.781,657.403,733.99
167.334,658.786,728.221
167.888,658.989,732.575
168.443,659.513,734.832
169.0,661.231,739.744
169.557,662.631,744.68
170.115,661.404,737.584
170.674,663.978,737.817
171.234,664.571,734.217
171.796,664.624,734.741
172.358,666.731,742.413
172.921,668.598,747.404
173.485,668.72,753.595
174.05,668.911,748.511
174.617,671.607,743.246
175.184,672.405,755.705
175.752,672.775,758.654
176.321,674.766,752.691
176.892,675.191,751.839
177.463,675.568,760.266
178.035,676.925,753.616
178.608,677.29,759.273
179.183,679.773,764.212
179.758,679.469,767.913
180.334,678.453,762.631
180.911,680.85,772.081
181.49,681.678,770.979
182.069,681.568,774.426
182.649,681.706,768.162
183.23,685.192,777.966
183.813,684.628,774.298
184.396,686.701,782.278
184.98,685.795,776.74
185.566,687.616,779.129
186.152,689.356,788.756
186.739,688.821,781.054
187.327,692.72,777.537
187.917,692.701,792.745
188.507,692.849,786.035
189.098,699.664,776.677
189.69,699.293,794.317
190.283,702.442,791.352
190.877,703.159,773.568
191.473,706.613,760.568
192.069,711.716,797.003
192.666,705.57,790.8
193.264,709.968,795.754
193.863,718.159,798.399
194.463,711.823,785.757
195.063,720.743,792.875
195.665,715.691,804.405
196.268,721.598,789.444
196.872,718.625,779.235
197.476,728.314,799.47
198.082,722.981,806.242
198.688,724.177,794.542
199.296,728.126,810.636
199.904,740.826,806.012
200.513,730.089,801.281
201.123,737.836,817.265
201.735,746.576,810.327
202.346,738.206,813.767
202.959,746.068,828.883
203.573,749.525,808.256
204.187,750.838,831.236
204.803,750.479,844.19
205.419,757.041,824.196
206.036,754.239,840.886
206.654,759.767,853.701
207.273,759.751,851.278
207.893,758.933,823.136
208.513,764.365,851.855
209.135,774.659,818.833
209.757,765.676,846.863
210.38,775.548,835.487
211.003,776.147,837.406
211.628,771.927,872.394
212.253,783.035,846.109
212.879,777.864,831.318
213.506,780.083,866.973
214.134,788.258,840.284
214.762,789.338,863.911
215.391,792.448,881.183
216.021,789.653,859.21
216.651,793.92,880.737
217.283,796.547,886.651
217.915,792.097,898.067
218.547,795.619,889.264
219.18,804.32,862.842
219.814,801.811,877.403
220.449,818.545,891.084
221.084,806.095,880.925
221.72,815.168,917.963
222.357,808.055,896.684
222.994,805.335,894.733
223.632,828.663,908.116
224.27,832.503,918.384
224.909,819.782,906.4
225.548,829.047,895.701
226.188,834.881,891.21
226.829,832.109,886.134
227.47,826.079,912.778
228.112,843.784,898.8
228.754,836.052,948.218
229.396,833.927,921.886
230.04,837.797,910.73
230.683,850.869,886.043
231.327,846.116,921.204
231.972,848.159,935.278
232.617,855.992,897.743
233.262,855.439,937.182
233.908,845.495,913.095
234.554,851.918,966.942
235.201,856.962,933.561
235.848,858.145,967.476
236.495,871.93,948.438
237.143,870.623,931.501
237.791,865.567,931.019
238.439,869.803,935.126
239.088,866.335,936.856
239.737,866.862,971.647
240.386,880.287,932.893
241.036,872.7,975.316
241.685,868.195,959.844
242.335,873.951,996.025
242.985,886.821,951.934
243.636,885.515,943.792
244.286,882.951,949.789
244.937,880.103,954.992
245.588,870.286,965.646
246.239,881.615,988.535
246.891,893.387,939.015
247.542,895.726,979.52
248.193,887.672,956.122
248.845,881.562,971.401
249.497,899.228,988.595
250.148,891.136,992.797
250.8,889.951,947.863
251.452,890.328,992.987
252.104,886.99,988.185
252.756,894.988,976.402
253.408,903.654,956.139
254.059,908.572,973.934
254.711,874.607,963.282
255.363,879.464,991.243
256.015,888.255,1021.22
256.666,898.439,994.932
257.318,901.675,953.063
257.969,898.736,947.102
258.621,885.573,969.568
259.272,888.897,976.088
259.923,890.43,976.034
260.574,897.821,989.212
261.224,891.028,937.174
261.875,887.852,951.736
262.525,885.401,991.752
263.175,886.124,962.069
263.825,892.21,996.002
264.475,900.323,920.085
265.124,879.296,947.155
265.773,878.274,982.878
266.422,889.257,941.121
267.07,894.276,995.779
267.718,894.771,940.989
268.366,882.034,948.851
269.014,867.826,978.835
269.661,879.157,963.862
270.307,885.221,1003.35
270.954,896.112,951.859
271.6,881.083,943.554
272.245,874.19,956.597
272.891,873.297,964.443
273.535,871.863,976.24
274.18,886.015,973.582
274.823,876.436,912.457
275.467,876.618,930.897
276.11,867.888,971.148
276.752,874.44,957.62
277.394,875.273,959.279
278.035,872.308,933.546
278.676,866.445,944.887
279.316,864.119,947.98
279.956,868.772,970.199
280.595,879.959,960.172
281.234,868.008,895.263
281.872,857.566,935.017
282.509,853.955,984.419
283.146,860.703,931.779
283.782,869.224,948.952
284.417,873.302,937.618
285.052,849.842,915.612
285.687,853.142,946.999
286.32,861.111,959.51
286.953,856.999,966.546
287.585,857.12,913.677
288.217,862.033,912.637
288.847,838.101,943.936
289.478,853.442,942.207
290.107,855.506,945.1
290.736,862.089,948.304
291.363,846.108,890.567
291.991,832.312,920.839
292.617,848.785,955.65
293.243,851.253,927.638
293.867,844.193,926.97
294.491,864.374,916.544
295.115,834.452,919.58
295.737,831.879,936.84
296.359,842.133,904.593
296.98,843.902,951.055
297.6,842.179,914.96
298.219,839.595,914.279
298.837,827.45,928.422
299.455,834.925,915.414
300.071,840.441,942.916
300.687,842.258,919.548
301.302,824.411,864.887
301.916,828.473,907.319
302.529,834.298,963.727
303.142,828.92,916.389
303.753,831.399,891.532
304.363,846.654,923.796
304.973,824.524,894.962
305.582,817.973,916.037
306.189,842.128,895.217
306.796,830.574,935.209
307.402,818.369,904.156
308.007,814.968,927.247
308.611,830.707,870.102
309.215,826.152,911.638
309.817,833.668,862.386
310.418,815.216,906.56
311.018,811.86,907.576
311.618,807.798,933.153
312.216,820.729,893.263
312.813,825.905,919.162
313.41,821.83,872.838
314.005,808.22,856.987
314.6,823.605,904.784
315.194,806.214,925.107
315.786,801.111,898.269
316.378,822.245,915.665
316.968,814.688,883.359
317.558,808.792,861.438
318.147,807.43,862.852
318.734,818.326,883.941
319.321,802.515,916.261
319.907,799.886,885.394
320.491,814.593,908.435
321.075,809.504,883.546
321.658,791.718,888.271
322.239,815.937,874.639
322.82,811.193,893.37
323.4,790.004,865.572
323.978,792.63,887.988
324.556,812.923,848.969
325.133,808.416,855.31
325.709,795.309,857.871
326.283,800.736,902.481
326.857,804.323,901.285
327.43,787.877,904.019
328.001,792.769,893.389
328.572,791.543,858.015
329.141,803.844,867.578
329.71,803.443,877.617
330.278,794.897,846.635
330.844,795.454,885.198
331.41,796.58,910.44
331.975,789.063,867.364
332.538,787.583,896.701
333.101,795.037,851.104
333.662,790.225,880.378
334.223,799.275,885.1
334.783,789.692,864.234
335.341,793.714,880.345
335.899,793.373,903.465
336.456,789.172,867.239
337.011,788.881,873.637
337.566,790.905,844.689
338.119,781.78,874.622
338.672,800.64,882.626
339.224,786.449,873.809
339.774,797.188,876.75
340.324,785.212,884.02
340.873,793.584,821.919
341.421,779.878,850.907
341.967,800.101,855.521
342.513,791.552,839.547
343.058,787.145,860.792
343.602,796.775,878.172
344.145,788.258,876.247
344.687,788.419,874.817
345.228,784.477,867.528
345.768,785.843,820.469
346.307,784.407,869.463
346.845,799.154,837.547
347.382,782.745,875.37
347.919,791.537,866.166
348.454,784.987,882.254
348.988,786.036,889.438
349.522,778.768,881.367
350.054,782.228,843.026
350.586,778.538,879.369
351.116,792.179,879.439
351.646,783.082,861.083
352.175,789.114,877.162
352.703,788.819,879.095
353.23,788.967,878.258
353.756,777.573,892.593
354.281,786.729,882.248
354.805,783.166,876.749
355.329,789.514,866.103
355.851,779.404,889.7
356.373,785.26,878.782
356.894,778.935,886.822
357.414,786.521,885.895
357.933,779.441,892.81
358.451,783.309,882.452
358.968,778.902,892.028
359.484,784.684,872.398
360.0,785.906,900.884
0.514709,780.887,893.852
1.02858,781.998,896.996
9.96921e+36,9.96921e+36,9.96921e+36
