L_S,vl1,vl2
360.0,0.0,0.0
0.514709,946.819,1026.47
1.02858,949.047,1030.32
1.54161,946.547,1035.15
2.05381,944.267,1036.0
2.56517,943.198,1035.78
3.07571,939.286,1023.1
3.58543,934.74,1013.58
4.09433,933.522,1033.6
4.60242,932.017,1058.45
5.1097,937.661,1043.46
5.61618,932.649,1055.23
6.12186,937.05,1052.42
6.62675,939.539,1050.7
7.13085,941.614,1052.5
7.63416,941.545,1061.27
8.1367,939.761,1060.53
8.63847,941.529,1042.71
9.13947,948.315,1051.23
9.63971,944.044,1038.0
10.1392,943.325,1050.09
10.6379,950.761,1072.2
11.1359,944.495,1059.91
11.6331,942.428,1049.9
12.1296,950.484,1062.45
12.6254,943.057,1051.42
13.1204,941.995,1033.09
13.6148,948.359,1057.76
14.1084,948.095,1064.21
14.6013,942.059,1060.37
15.0934,945.323,1061.57
15.5849,950.118,1071.25
16.0757,941.605,1051.52
16.5658,943.943,1043.77
17.0552,953.223,1060.94
17.544,945.781,1063.26
18.032,941.469,1047.98
18.5194,945.976,1051.97
19.0062,942.14,1069.4
19.4923,940.514,1056.53
19.9777,944.575,1045.53
20.4625,947.327,1047.06
20.9466,944.187,1050.44
21.4301,942.03,1048.75
21.913,944.146,1044.98
22.3952,942.767,1049.68
22.8769,941.733,1048.0
23.3579,943.157,1040.03
23.8383,943.555,1048.58
24.3181,941.17,1043.44
24.7973,940.91,1044.11
25.276,939.845,1041.37
25.754,939.481,1053.15
26.2315,938.863,1054.43
26.7083,939.072,1052.83
27.1847,939.128,1053.46
27.6604,939.051,1054.48
28.1356,936.672,1048.6
28.6103,933.658,1033.06
29.0843,933.346,1022.65
29.5579,931.047,1026.83
30.0309,930.327,1024.55
30.5034,930.606,1026.55
30.9754,927.906,1023.24
31.4468,928.146,1025.23
31.9178,928.612,1024.46
32.3882,928.86,1033.84
32.8582,927.602,1038.39
33.3276,927.675,1043.49
33.7965,927.974,1043.41
34.265,928.384,1042.09
34.733,928.673,1042.01
35.2005,927.575,1042.49
35.6676,924.856,1039.6
36.1341,923.876,1043.23
36.6003,924.66,1044.71
37.066,922.526,1037.25
37.5312,922.006,1027.85
37.996,922.197,1026.98
38.4604,921.401,1032.3
38.9243,920.867,1033.63
39.3878,920.01,1031.17
39.8509,918.514,1026.31
40.3136,917.72,1022.79
40.7759,917.279,1017.38
41.2378,916.127,1016.09
41.6993,915.56,1017.93
42.1604,914.455,1021.36
42.6211,912.563,1021.11
43.0815,913.012,1018.0
43.5415,913.024,1012.08
44.0011,911.564,1010.49
44.4604,910.138,1010.94
44.9193,908.533,1010.88
45.3778,907.172,1014.66
45.8361,905.521,1011.34
46.2939,905.961,1003.44
46.7515,904.738,1000.99
47.2087,902.358,1004.36
47.6656,901.427,1004.08
48.1222,899.756,1003.52
48.5785,900.327,999.991
49.0345,898.503,994.508
49.4902,897.562,993.08
49.9456,895.16,1000.2
50.4007,894.731,1002.38
50.8556,892.873,1000.7
51.3102,891.735,996.483
51.7645,890.949,991.434
52.2185,889.562,993.281
52.6723,888.853,994.502
53.1258,887.466,993.003
53.5791,887.322,989.816
54.0322,885.564,988.312
54.485,884.758,989.379
54.9376,882.656,989.511
55.3899,882.347,990.905
55.8421,881.611,987.531
56.294,880.971,979.565
56.7458,878.881,980.495
57.1973,877.121,983.583
57.6486,875.091,981.154
58.0998,873.274,980.757
58.5508,872.954,978.396
59.0016,872.018,975.135
59.4522,872.252,974.869
59.9026,871.804,975.512
60.3529,870.49,975.735
60.8031,868.603,974.026
61.2531,868.234,971.317
61.7029,866.607,968.812
62.1527,865.602,968.791
62.6023,864.406,969.019
63.0517,864.557,969.427
63.5011,863.253,970.383
63.9503,861.879,971.525
64.3994,860.142,973.041
64.8484,858.54,967.111
65.2973,857.618,957.94
65.7462,856.746,947.587
66.1949,856.734,948.464
66.6436,855.127,955.443
67.0922,854.57,957.961
67.5407,852.843,957.21
67.9891,852.458,957.21
68.4375,850.465,954.53
68.8859,848.792,948.452
69.3342,847.504,941.413
69.7824,847.283,942.116
70.2307,845.389,940.953
70.6789,844.745,938.366
71.127,843.35,941.526
71.5752,843.22,939.83
72.0233,841.695,933.62
72.4715,840.496,927.629
72.9196,838.784,930.722
73.3677,838.718,931.732
73.8159,837.225,933.019
74.264,835.519,933.429
74.7122,834.739,930.947
75.1604,833.437,932.167
75.6087,831.926,929.717
76.0569,831.556,925.656
76.5053,830.477,924.116
76.9537,828.477,919.786
77.4021,828.095,918.439
77.8506,826.675,920.102
78.2991,825.719,919.944
78.7478,823.374,915.794
79.1965,822.378,912.352
79.6453,820.472,908.699
80.0941,820.001,907.862
80.5431,818.069,905.585
80.9922,817.275,902.654
81.4414,815.912,900.943
81.8907,815.381,902.75
82.3401,813.22,903.446
82.7896,811.464,904.994
83.2393,809.801,903.247
83.6891,808.681,899.104
84.139,807.319,895.682
84.5891,805.766,894.442
85.0394,804.507,892.812
85.4898,802.929,891.855
85.9403,801.734,889.527
86.391,800.682,887.623
86.8419,801.046,885.895
87.293,799.296,885.787
87.7443,797.16,884.922
88.1957,795.304,882.918
88.6474,794.062,879.996
89.0992,791.826,879.043
89.5513,790.857,876.032
90.0036,789.518,876.677
90.4561,789.293,875.666
90.9088,787.854,876.148
91.3618,786.173,875.282
91.8149,785.079,872.951
92.2684,784.072,870.117
92.7221,783.008,866.31
93.176,781.304,864.712
93.6302,779.799,864.077
94.0846,777.831,863.269
94.5394,776.341,862.076
94.9944,775.102,860.435
95.4497,774.493,858.87
95.9053,772.158,855.061
96.3611,771.354,855.232
96.8173,769.606,854.413
97.2738,768.656,852.045
97.7305,767.276,847.894
98.1876,765.828,846.445
98.6451,764.334,846.093
99.1028,763.054,846.033
99.5609,761.806,846.155
100.019,760.58,845.372
100.478,759.742,844.32
100.937,758.288,841.663
101.397,757.444,837.158
101.857,755.979,835.174
102.317,754.58,836.521
102.777,752.823,838.185
103.238,751.322,836.978
103.7,749.294,833.653
104.161,748.123,832.269
104.623,746.984,829.926
105.086,745.612,827.0
105.549,744.155,825.024
106.012,743.617,825.441
106.476,743.005,825.039
106.94,741.295,824.616
107.405,740.416,822.026
107.87,739.028,819.587
108.335,738.062,819.868
108.801,736.556,820.034
109.268,735.103,818.71
109.735,733.821,815.829
110.202,732.259,813.087
110.67,731.159,812.733
111.138,729.735,812.011
111.607,728.975,811.304
112.076,727.788,807.855
112.546,726.489,808.681
113.016,725.528,807.968
113.487,724.338,808.211
113.958,723.254,807.68
114.43,722.487,807.742
114.902,721.07,807.269
115.375,719.488,802.694
115.848,717.899,802.604
116.322,716.291,803.898
116.796,715.331,804.548
117.271,714.144,800.569
117.747,712.452,795.712
118.223,711.649,791.576
118.7,711.126,792.832
119.177,710.253,795.048
119.655,708.243,795.853
120.133,707.924,795.73
120.612,706.786,795.648
121.092,705.997,794.052
121.572,705.035,790.744
122.053,703.673,787.342
122.534,702.273,783.188
123.016,700.829,785.195
123.499,700.003,787.9
123.982,699.789,788.578
124.466,698.596,786.424
124.95,697.27,787.709
125.435,696.086,787.022
125.921,694.641,785.393
126.408,694.333,782.053
126.895,693.933,778.188
127.383,692.088,778.123
127.871,692.302,778.477
128.36,691.103,780.034
128.85,690.792,781.241
129.34,689.976,781.517
129.832,689.109,781.768
130.324,689.439,780.449
130.816,688.145,777.63
131.309,687.903,771.921
131.803,687.225,762.39
132.298,684.973,763.014
132.794,682.515,763.573
133.29,682.018,771.295
133.787,682.307,773.345
134.285,683.48,768.176
134.783,681.114,763.502
135.282,680.734,763.457
135.782,679.808,764.57
136.283,679.341,764.072
136.784,677.904,767.108
137.286,676.851,764.937
137.789,678.404,759.002
138.293,678.165,756.726
138.798,677.806,756.681
139.303,676.905,759.917
139.809,676.571,759.787
140.316,676.656,756.436
140.824,677.072,755.818
141.333,675.885,754.483
141.842,672.65,756.439
142.352,671.716,752.895
142.863,672.719,750.199
143.375,673.27,752.437
143.888,672.624,757.693
144.401,671.657,754.429
144.916,669.962,749.806
145.431,669.239,751.08
145.947,665.52,747.615
146.464,661.248,753.743
146.982,662.678,761.232
147.5,668.706,755.323
148.02,667.752,747.942
148.54,668.202,745.067
149.061,667.622,751.004
149.584,666.245,748.562
150.107,666.759,746.207
150.631,665.228,739.484
151.155,662.511,736.125
151.681,661.448,738.851
152.208,662.56,738.978
152.735,666.615,732.542
153.264,662.601,734.4
153.793,660.351,742.068
154.323,659.671,739.447
154.855,659.651,737.46
155.387,659.102,739.053
155.92,661.125,746.869
156.454,662.906,745.5
156.989,663.889,735.753
157.524,664.67,736.079
158.061,663.97,743.128
158.599,664.326,746.985
159.138,665.56,746.505
159.677,664.385,742.551
160.218,664.346,737.262
160.76,667.37,733.959
161.302,668.57,728.631
161.846,669.378,723.404
162.39,668.996,733.544
162.935,668.82,741.929
163.482,668.189,748.567
164.029,667.264,752.756
164.577,668.172,750.498
165.127,670.579,744.424
165.677,673.101,738.204
166.228,671.878,741.427
166.781,672.343,749.112
167.334,673.295,756.466
167.888,673.174,756.396
168.443,672.441,757.025
169.0,673.555,751.119
169.557,676.58,744.658
170.115,675.957,752.604
170.674,676.611,758.467
171.234,675.838,753.021
171.796,677.741,760.026
172.358,677.013,757.392
172.921,678.276,762.027
173.485,680.395,761.573
174.05,681.377,756.812
174.617,682.896,756.425
175.184,684.155,764.97
175.752,685.107,773.914
176.321,684.417,765.137
176.892,685.143,766.012
177.463,686.049,770.877
178.035,687.087,770.814
178.608,688.815,771.722
179.183,690.019,775.25
179.758,691.75,777.761
180.334,690.973,777.804
180.911,693.121,773.466
181.49,694.201,785.494
182.069,696.086,784.68
182.649,695.256,789.652
183.23,698.964,782.377
183.813,698.348,796.018
184.396,699.1,787.363
184.98,701.479,794.419
185.566,701.203,783.32
186.152,705.825,797.032
186.739,705.473,797.843
187.327,705.687,804.427
187.917,711.943,791.659
188.507,712.256,803.034
189.098,716.39,790.898
189.69,709.752,799.824
190.283,712.858,806.494
190.877,720.554,789.548
191.473,717.577,799.701
192.069,722.946,796.818
192.666,726.514,818.457
193.264,723.134,804.014
193.863,724.613,811.946
194.463,733.329,814.401
195.063,729.568,796.246
195.665,735.899,804.494
196.268,738.003,808.323
196.872,738.131,801.591
197.476,742.689,782.67
198.082,745.094,827.253
198.688,742.171,821.229
199.296,743.425,824.354
199.904,749.724,818.158
200.513,748.218,802.973
201.123,746.378,819.311
201.735,757.34,805.488
202.346,755.306,816.912
202.959,753.667,849.279
203.573,757.676,814.912
204.187,764.123,851.132
204.803,764.857,813.267
205.419,761.699,852.522
206.036,770.647,812.616
206.654,770.851,860.774
207.273,774.292,821.164
207.893,768.946,866.785
208.513,784.923,857.453
209.135,778.126,873.448
209.757,777.041,861.015
210.38,784.961,839.075
211.003,781.667,868.701
211.628,796.19,882.732
212.253,793.607,837.535
212.879,794.639,878.184
213.506,801.189,887.562
214.134,794.153,876.061
214.762,795.537,871.605
215.391,808.956,883.5
216.021,803.574,857.955
216.651,808.456,909.441
217.283,812.817,876.509
217.915,811.088,898.526
218.547,811.258,905.863
219.18,819.602,893.116
219.814,820.674,901.063
220.449,823.085,903.336
221.084,827.859,878.714
221.72,823.354,910.931
222.357,836.002,902.266
222.994,826.416,903.328
223.632,839.607,939.883
224.27,837.583,922.595
224.909,834.571,936.699
225.548,833.129,928.438
226.188,841.395,901.628
226.829,840.547,918.582
227.47,857.281,932.207
228.112,851.548,920.53
228.754,856.888,936.409
229.396,856.218,977.855
230.04,855.441,939.035
230.683,856.615,951.363
231.327,871.517,951.427
231.972,862.446,913.854
232.617,861.491,953.729
233.262,880.034,963.087
233.908,861.552,978.528
234.554,869.653,951.489
235.201,880.865,987.238
235.848,895.898,943.962
236.495,876.63,928.168
237.143,868.102,952.832
237.791,881.646,976.268
238.439,875.951,986.675
239.088,880.785,972.979
239.737,897.247,974.437
240.386,887.209,941.977
241.036,890.878,974.687
241.685,896.774,971.829
242.335,895.9,981.876
242.985,899.42,997.916
243.636,903.486,972.291
244.286,905.51,983.105
244.937,901.883,990.712
245.588,897.514,963.603
246.239,903.253,1015.0
246.891,908.254,989.246
247.542,905.035,968.099
248.193,922.006,964.349
248.845,914.787,993.113
249.497,902.666,985.441
250.148,907.549,991.883
250.8,923.374,1047.64
251.452,913.896,996.696
252.104,916.266,993.636
252.756,924.748,990.905
253.408,899.54,994.55
254.059,919.642,1003.79
254.711,929.86,1005.16
255.363,922.229,1004.55
256.015,906.107,993.23
256.666,914.439,1002.87
257.318,923.458,1042.62
257.969,926.317,987.93
258.621,918.127,969.287
259.272,926.049,1029.3
259.923,909.931,1012.7
260.574,908.453,1002.44
261.224,923.956,977.126
261.875,928.379,1032.05
262.525,928.543,994.893
263.175,909.275,965.858
263.825,914.717,1005.5
264.475,904.894,1046.55
265.124,908.55,1036.54
265.773,922.612,975.379
266.422,926.824,981.832
267.07,930.658,970.097
267.718,899.575,997.103
268.366,893.503,1019.46
269.014,907.954,1012.59
269.661,918.64,1034.16
270.307,923.726,948.487
270.954,906.187,960.122
271.6,899.947,993.655
272.245,902.936,1001.18
272.891,902.409,1020.45
273.535,910.479,1019.29
274.18,923.719,948.392
274.823,899.247,958.958
275.467,896.91,989.879
276.11,900.999,992.543
276.752,905.843,1024.83
277.394,919.911,962.467
278.035,901.101,968.243
278.676,887.869,986.355
279.316,899.78,969.251
279.956,898.844,1017.74
280.595,905.352,959.803
281.234,898.594,976.44
281.872,891.992,981.253
282.509,890.116,981.11
283.146,888.562,990.746
283.782,910.488,970.9
284.417,888.775,960.451
285.052,896.943,966.456
285.687,881.026,992.716
286.32,875.205,991.109
286.953,901.709,983.672
287.585,883.521,926.673
288.217,874.677,959.702
288.847,885.242,982.289
289.478,878.591,969.371
290.107,885.702,978.318
290.736,878.433,907.343
291.363,879.315,957.336
291.991,875.163,978.396
292.617,871.771,958.952
293.243,886.612,984.963
293.867,881.587,920.206
294.491,865.006,930.629
295.115,865.53,996.898
295.737,877.279,950.239
296.359,868.361,969.834
296.98,882.737,908.656
297.6,858.851,916.263
298.219,866.002,969.324
298.837,871.204,960.097
299.455,859.335,978.78
300.071,877.811,948.344
300.687,861.294,913.241
301.302,849.275,951.544
301.916,872.456,938.724
302.529,863.061,958.532
303.142,855.953,980.972
303.753,855.73,898.391
304.363,856.347,913.298
304.973,849.042,952.876
305.582,863.98,915.507
306.189,864.693,946.192
306.796,863.873,936.874
307.402,837.42,903.938
308.007,859.252,937.873
308.611,843.54,1000.76
309.215,843.927,965.167
309.817,856.129,901.801
310.418,868.732,935.543
311.018,846.603,905.087
311.618,839.732,921.843
312.216,859.215,946.911
312.813,842.263,928.525
313.41,838.841,922.139
314.005,850.723,944.452
314.6,833.583,909.056
315.194,840.693,898.922
315.786,853.974,901.48
316.378,850.492,926.656
316.968,834.962,925.905
317.558,832.714,912.108
318.147,846.54,897.135
318.734,832.041,961.779
319.321,834.13,914.119
319.907,835.478,921.0
320.491,843.576,924.391
321.075,832.76,915.864
321.658,838.144,942.811
322.239,834.966,930.64
322.82,827.673,927.449
323.4,833.257,954.365
323.978,837.265,908.67
324.556,825.417,906.844
325.133,821.556,874.721
325.709,831.769,882.479
326.283,839.957,910.026
326.857,826.692,946.964
327.43,824.246,877.936
328.001,813.418,923.415
328.572,835.111,886.198
329.141,821.094,900.344
329.71,834.468,922.65
330.278,825.48,923.069
330.844,820.196,913.602
331.41,821.432,929.985
331.975,822.969,879.499
332.538,823.121,880.868
333.101,829.85,919.531
333.662,825.099,894.743
334.223,821.148,927.915
334.783,826.587,921.733
335.341,817.722,906.752
335.899,819.798,924.534
336.456,823.206,871.465
337.011,813.076,923.09
337.566,828.182,904.381
338.119,812.088,885.431
338.672,824.047,924.118
339.224,825.285,916.208
339.774,814.481,922.332
340.324,814.995,899.871
340.873,815.736,859.576
341.421,825.985,855.4
341.967,812.68,882.606
342.513,823.087,906.061
343.058,825.154,874.984
343.602,814.949,892.026
344.145,823.545,907.766
344.687,816.796,907.035
345.228,814.544,912.436
345.768,810.859,919.749
346.307,815.294,872.663
346.845,807.781,884.64
347.382,821.981,906.013
347.919,814.674,871.303
348.454,807.876,919.873
348.988,829.603,881.655
349.522,819.455,880.209
350.054,815.051,915.354
350.586,813.29,866.39
351.116,809.277,903.66
351.646,830.291,897.559
352.175,813.376,901.579
352.703,818.911,905.397
353.23,816.771,923.445
353.756,808.204,910.049
354.281,806.183,908.039
354.805,803.725,922.507
355.329,811.078,903.839
355.851,807.541,935.393
356.373,814.252,897.269
356.894,805.998,913.463
357.414,816.602,917.473
357.933,803.747,932.81
358.451,811.24,923.282
358.968,808.491,908.745
359.484,812.642,931.734
360.0,822.545,920.556
0.514709,807.924,927.64
1.02858,813.312,923.961
1.54161,808.901,935.023
2.05381,808.512,940.587
2.56517,809.099,929.721
3.07571,816.938,911.987
3.58543,811.366,933.913
4.09433,816.505,931.107
4.60242,811.655,931.966
5.1097,811.211,935.0
5.61618,815.245,919.276
6.12186,811.743,941.085
6.62675,817.938,922.058
7.13085,821.092,931.573
7.63416,817.607,908.622
8.1367,813.016,911.382
8.63847,822.804,941.375
9.13947,819.128,925.405
9.63971,814.37,923.597
10.1392,817.099,944.0
10.6379,821.109,938.488
11.1359,818.359,911.701
11.6331,824.507,909.218
12.1296,821.751,945.477
12.6254,818.597,945.082
13.1204,816.659,933.05
13.6148,822.372,922.61
14.1084,822.319,927.118
14.6013,822.34,930.025
15.0934,820.532,944.268
15.5849,819.81,925.477
16.0757,825.377,916.728
16.5658,823.2,932.481
17.0552,823.922,929.567
17.544,820.863,945.053
18.032,817.044,926.215
18.5194,825.406,912.518
19.0062,826.054,945.208
19.4923,824.098,946.333
19.9777,822.099,921.151
20.4625,825.562,937.059
20.9466,831.712,920.089
21.4301,825.121,947.694
21.913,822.869,947.637
22.3952,826.463,932.172
22.8769,823.88,935.426
23.3579,827.814,919.423
23.8383,829.348,955.118
24.3181,823.425,929.931
24.7973,825.192,915.656
25.276,836.236,939.65
25.754,827.158,954.682
26.2315,824.792,936.682
26.7083,828.449,918.687
27.1847,831.026,936.186
27.6604,830.119,928.451
28.1356,830.286,938.788
28.6103,826.72,937.124
29.0843,827.005,926.863
29.5579,828.577,921.986
30.0309,832.641,937.96
30.5034,827.21,954.817
30.9754,823.763,926.041
31.4468,823.968,927.623
31.9178,832.509,930.624
32.3882,828.98,943.528
32.8582,825.522,933.81
33.3276,826.797,924.81
33.7965,832.045,934.829
34.265,830.043,948.997
34.733,826.423,931.342
35.2005,825.545,924.276
35.6676,831.844,938.515
36.1341,829.913,938.985
36.6003,825.105,906.324
37.066,825.612,920.876
37.5312,833.883,937.906
37.996,828.054,951.168
38.4604,823.765,919.321
38.9243,823.961,915.745
39.3878,830.208,921.371
39.8509,832.282,943.784
40.3136,826.868,923.214
40.7759,826.698,918.819
41.2378,831.283,936.726
41.6993,829.118,921.89
42.1604,821.638,918.775
42.6211,830.171,929.984
43.0815,833.114,938.442
43.5415,827.902,919.43
44.0011,826.579,917.843
44.4604,828.686,928.829
44.9193,829.017,924.01
45.3778,829.793,919.96
45.8361,828.939,923.263
46.2939,831.453,937.221
46.7515,830.493,921.904
47.2087,825.944,917.102
47.6656,831.644,936.725
48.1222,831.305,952.175
48.5785,821.596,910.452
49.0345,820.24,920.451
49.4902,829.431,925.559
49.9456,831.597,936.732
50.4007,826.338,923.887
50.8556,822.356,923.979
51.3102,826.163,926.923
51.7645,827.275,933.712
52.2185,827.406,924.912
52.6723,824.297,920.086
53.1258,829.847,919.127
53.5791,825.237,925.167
54.0322,821.518,925.954
54.485,826.046,925.203
54.9376,828.488,932.963
55.3899,822.762,929.144
55.8421,820.981,921.838
56.294,823.116,921.342
56.7458,821.5,925.237
57.1973,820.136,925.241
57.6486,818.587,921.244
58.0998,821.412,921.801
58.5508,822.293,931.806
59.0016,819.857,924.945
59.4522,818.498,915.909
59.9026,821.423,917.723
60.3529,821.637,925.462
60.8031,819.425,930.378
61.2531,818.189,924.465
61.7029,819.495,923.315
62.1527,820.334,934.382
62.6023,817.964,931.204
63.0517,815.252,923.652
63.5011,813.663,920.458
63.9503,815.607,918.84
64.3994,817.903,920.543
64.8484,818.293,928.983
65.2973,816.77,926.045
65.7462,813.216,921.05
66.1949,811.938,917.923
66.6436,814.409,914.358
67.0922,817.058,913.466
67.5407,816.115,918.269
67.9891,814.134,920.556
68.4375,813.506,917.629
68.8859,811.859,914.851
69.3342,812.959,914.808
69.7824,813.228,913.677
70.2307,812.172,918.684
70.6789,811.735,916.764
71.127,811.208,913.789
71.5752,811.197,909.658
72.0233,811.496,912.845
72.4715,810.656,920.27
72.9196,809.241,914.474
73.3677,810.924,910.416
73.8159,811.375,906.425
74.264,809.493,911.899
74.7122,808.59,908.996
75.1604,808.528,911.0
75.6087,805.826,905.726
76.0569,806.214,903.704
76.5053,807.322,907.032
76.9537,805.833,906.257
77.4021,804.698,902.436
77.8506,804.281,898.486
78.2991,805.008,901.943
78.7478,804.565,907.277
79.1965,802.171,904.113
79.6453,801.483,899.828
80.0941,800.654,901.434
80.5431,800.484,900.514
80.9922,800.237,899.301
81.4414,799.096,901.218
81.8907,797.874,897.554
82.3401,797.535,897.512
82.7896,797.206,895.393
83.2393,796.521,894.052
83.6891,794.623,892.641
84.139,794.224,895.355
84.5891,793.527,899.152
85.0394,792.67,893.988
85.4898,792.044,891.798
85.9403,792.185,888.291
86.391,791.149,887.439
86.8419,790.413,888.48
87.293,789.728,889.121
87.7443,788.721,891.619
88.1957,787.807,886.686
88.6474,787.379,884.9
89.0992,786.985,884.397
89.5513,786.627,884.983
90.0036,785.169,881.965
90.4561,783.901,879.401
90.9088,782.6,879.177
91.3618,782.356,878.524
91.8149,782.356,877.959
92.2684,781.354,874.599
92.7221,780.11,872.619
93.176,778.969,871.492
93.6302,778.359,872.858
94.0846,777.051,868.869
94.5394,775.503,863.062
94.9944,774.695,864.47
95.4497,773.569,867.169
95.9053,772.516,865.778
96.3611,772.263,864.826
96.8173,770.922,862.727
97.2738,769.492,861.715
97.7305,768.986,861.308
98.1876,768.988,857.739
98.6451,768.92,854.197
99.1028,767.676,851.119
99.5609,766.58,846.411
100.019,765.397,845.717
100.478,763.803,848.324
100.937,762.068,850.293
101.397,760.56,846.902
101.857,759.227,843.175
102.317,758.075,842.884
102.777,756.631,845.253
103.238,756.106,844.49
103.7,755.469,842.963
104.161,755.024,841.583
104.623,754.317,840.985
105.086,753.062,839.373
105.549,751.288,837.163
106.012,749.341,838.237
106.476,747.869,838.392
106.94,746.04,838.743
107.405,745.362,836.406
107.87,744.985,832.482
108.335,743.538,830.494
108.801,741.944,830.322
109.268,741.009,830.404
109.735,740.071,829.938
110.202,738.875,828.67
110.67,737.549,825.119
111.138,736.052,821.399
111.607,734.99,820.735
112.076,734.061,821.055
112.546,732.717,821.87
113.016,731.548,818.96
113.487,730.114,817.124
113.958,729.387,814.617
114.43,728.26,816.201
114.902,727.239,816.486
115.375,725.572,817.115
115.848,724.456,818.757
116.322,723.529,815.964
116.796,722.159,812.168
117.271,720.736,810.689
117.747,719.412,809.8
118.223,718.378,804.928
118.7,717.705,800.472
119.177,716.713,799.417
119.655,715.703,799.717
120.133,714.999,800.828
120.612,713.898,801.258
121.092,712.81,801.819
121.572,711.766,800.43
122.053,711.181,795.885
122.534,710.199,790.985
123.016,708.936,788.472
123.499,706.827,796.167
123.982,706.851,797.974
124.466,707.109,797.299
124.95,705.1,797.752
125.435,704.643,796.059
125.921,703.302,794.141
126.408,702.568,790.605
126.895,702.131,788.291
127.383,700.327,786.919
127.871,700.963,787.906
128.36,700.132,789.597
128.85,698.642,791.637
129.34,697.054,789.188
129.832,694.655,786.881
130.324,694.916,782.251
130.816,694.858,780.5
131.309,695.344,780.126
131.803,694.303,779.6
132.298,691.895,780.288
132.794,693.204,777.712
133.29,692.638,777.124
133.787,691.513,778.591
134.285,688.112,776.108
134.783,683.899,774.12
135.282,687.124,772.896
135.782,689.125,773.789
136.283,687.784,774.671
136.784,686.301,771.797
137.286,685.474,769.094
137.789,686.009,767.768
138.293,684.87,770.019
138.798,681.73,769.852
139.303,679.648,768.861
139.809,678.518,769.771
140.316,677.592,767.637
140.824,675.477,765.779
141.333,674.873,769.036
141.842,678.806,764.216
142.352,680.912,760.505
142.863,681.214,764.715
143.375,681.352,770.171
143.888,680.506,767.8
144.401,680.322,765.751
144.916,679.475,768.338
145.431,678.732,768.926
145.947,678.981,757.657
146.464,679.143,754.983
146.982,678.635,760.636
147.5,678.029,759.055
148.02,677.587,757.362
148.54,677.299,758.845
149.061,675.976,761.433
149.584,673.616,755.703
150.107,671.098,746.202
150.631,670.3,739.956
151.155,671.769,738.624
151.681,671.244,733.818
152.208,670.18,736.715
152.735,668.592,737.38
153.264,668.916,747.71
153.793,669.394,750.096
154.323,670.509,749.524
154.855,671.494,750.419
155.387,671.408,747.33
155.92,671.07,744.973
156.454,670.271,739.152
156.989,670.514,739.962
157.524,672.33,738.497
158.061,672.249,736.54
158.599,671.588,736.783
159.138,671.381,738.84
159.677,674.138,732.611
160.218,675.096,730.844
160.76,674.201,737.757
161.302,675.297,745.566
161.846,675.097,750.296
162.39,676.003,756.057
162.935,675.11,760.324
163.482,676.971,757.533
164.029,677.796,749.135
164.577,678.654,748.533
165.127,678.536,747.71
165.677,679.489,761.135
166.228,678.813,763.702
166.781,679.997,756.119
167.334,679.812,761.677
167.888,680.071,759.812
168.443,681.828,755.464
169.0,682.319,757.395
169.557,681.024,754.392
170.115,684.383,768.675
170.674,682.616,762.281
171.234,682.657,763.271
171.796,683.61,759.005
172.358,684.81,763.255
172.921,686.412,760.554
173.485,689.494,760.673
174.05,689.69,775.619
174.617,689.739,771.746
175.184,690.854,776.745
175.752,690.409,781.405
176.321,691.09,774.777
176.892,694.003,780.561
177.463,695.805,773.343
178.035,696.458,776.25
178.608,698.73,775.263
179.183,699.701,794.482
179.758,699.229,784.693
180.334,699.934,785.421
180.911,698.542,790.134
181.49,702.131,784.306
182.069,701.084,802.764
182.649,702.377,798.261
183.23,703.221,787.857
183.813,703.756,797.869
184.396,707.816,794.166
184.98,711.272,797.94
185.566,709.767,818.056
186.152,709.691,804.4
186.739,712.748,796.705
187.327,712.586,794.811
187.917,712.061,789.449
188.507,714.367,806.686
189.098,716.484,806.846
189.69,717.794,807.614
190.283,719.664,789.85
190.877,726.281,818.66
191.473,721.32,811.564
192.069,724.472,812.671
192.666,729.147,803.198
193.264,732.769,802.98
193.863,732.228,819.242
194.463,733.244,822.531
195.063,731.98,816.496
195.665,743.054,813.703
196.268,734.928,820.004
196.872,743.07,814.263
197.476,746.363,788.81
198.082,742.277,817.544
198.688,753.319,815.844
199.296,742.561,824.628
199.904,758.544,836.069
200.513,750.632,820.835
201.123,755.547,822.736
201.735,755.855,826.652
202.346,760.259,831.587
202.959,758.26,845.34
203.573,768.837,835.586
204.187,763.73,841.031
204.803,773.398,867.986
205.419,772.256,850.243
206.036,771.624,831.235
206.654,775.24,876.551
207.273,784.169,829.589
207.893,776.226,869.203
208.513,791.295,866.52
209.135,789.606,859.308
209.757,783.081,871.36
210.38,796.56,863.412
211.003,788.521,875.567
211.628,796.758,894.217
212.253,794.845,867.49
212.879,797.81,882.136
213.506,799.395,873.304
214.134,798.433,867.919
214.762,806.062,879.082
215.391,803.596,876.373
216.021,812.128,898.436
216.651,813.573,909.548
217.283,811.221,899.354
217.915,815.837,891.652
218.547,815.813,894.812
219.18,827.203,895.548
219.814,819.72,905.981
220.449,832.67,917.701
221.084,823.013,907.507
221.72,826.138,904.382
222.357,829.197,945.79
222.994,834.354,900.763
223.632,830.487,905.583
224.27,844.542,895.151
224.909,846.606,900.399
225.548,847.812,951.278
226.188,846.622,926.947
226.829,853.11,932.035
227.47,850.73,944.702
228.112,847.963,907.67
228.754,852.492,936.248
229.396,864.908,932.318
230.04,850.955,923.661
230.683,860.288,967.839
231.327,867.559,953.483
231.972,868.817,933.382
232.617,873.669,920.591
233.262,880.063,962.447
233.908,865.478,943.069
234.554,861.274,971.569
235.201,879.91,939.868
235.848,879.72,980.38
236.495,877.497,935.292
237.143,880.463,975.28
237.791,889.058,968.562
238.439,878.08,970.009
239.088,882.432,974.721
239.737,901.438,985.152
240.386,882.676,960.598
241.036,885.626,962.906
241.685,897.923,969.487
242.335,905.534,990.817
242.985,900.712,990.524
243.636,895.646,972.667
244.286,897.901,982.685
244.937,901.452,1000.26
245.588,896.839,990.565
246.239,915.164,997.132
246.891,920.573,991.599
247.542,904.709,981.215
248.193,896.812,991.35
248.845,913.041,981.21
249.497,911.078,1027.36
250.148,920.766,987.169
250.8,906.399,997.822
251.452,909.033,999.862
252.104,913.636,995.533
252.756,911.611,1024.56
253.408,932.202,994.521
254.059,905.895,951.594
254.711,913.91,998.005
255.363,916.703,1027.45
256.015,912.65,991.437
256.666,933.332,1016.67
257.318,929.572,944.579
257.969,905.086,985.459
258.621,903.712,1038.58
259.272,915.246,983.921
259.923,923.231,1033.28
260.574,933.626,976.417
261.224,915.806,972.653
261.875,911.448,994.918
262.525,901.409,1010.27
263.175,910.609,1052.62
263.825,927.644,1015.77
264.475,928.78,934.806
265.124,915.319,973.8
265.773,906.959,997.411
266.422,899.095,1031.82
267.07,910.971,1013.83
267.718,919.079,982.162
268.366,923.177,964.303
269.014,910.229,996.036
269.661,899.015,994.023
270.307,899.161,1009.04
270.954,915.172,1012.5
271.6,920.991,973.411
272.245,910.506,951.146
272.891,897.742,994.055
273.535,904.939,977.068
274.18,899.925,1007.18
274.823,908.562,1015.8
275.467,920.559,951.098
276.11,896.848,948.228
276.752,887.739,996.812
277.394,898.857,1006.94
278.035,904.803,993.511
278.676,901.43,953.486
279.316,908.91,976.409
279.956,886.83,975.34
280.595,888.873,992.651
281.234,901.199,993.057
281.872,895.318,955.754
282.509,899.319,935.646
283.146,884.246,987.038
283.782,886.43,983.597
284.417,885.863,976.09
285.052,894.529,986.906
285.687,895.369,941.789
286.32,876.704,950.77
286.953,877.468,993.125
287.585,890.795,962.417
288.217,882.646,987.324
288.847,887.338,932.934
289.478,880.089,934.216
290.107,866.671,994.422
290.736,881.255,964.418
291.363,877.486,982.121
291.991,890.999,947.691
292.617,868.772,915.096
293.243,870.332,956.323
293.867,873.228,971.015
294.491,870.088,995.655
295.115,880.489,926.135
295.737,882.851,959.675
296.359,852.754,946.99
296.98,864.519,952.071
297.6,878.323,953.302
298.219,870.57,975.451
298.837,858.915,936.204
299.455,862.242,944.439
300.071,859.534,994.91
300.687,866.365,941.527
301.302,863.274,943.884
301.916,880.219,939.616
302.529,862.383,937.704
303.142,840.885,950.169
303.753,860.119,946.554
304.363,866.61,977.217
304.973,857.618,915.244
305.582,844.559,931.067
306.189,868.16,935.29
306.796,846.707,959.812
307.402,846.342,930.531
308.007,853.183,948.716
308.611,864.654,964.267
309.215,833.587,910.377
309.817,847.686,918.332
310.418,862.169,970.541
311.018,846.165,899.389
311.618,832.763,918.045
312.216,861.676,938.992
312.813,835.68,958.808
313.41,835.153,914.015
314.005,846.743,941.938
314.6,853.984,973.782
315.194,832.322,926.722
315.786,834.769,937.589
316.378,861.739,930.193
316.968,838.995,925.466
317.558,833.95,919.035
318.147,842.753,957.801
318.734,842.634,919.304
319.321,823.76,934.537
319.907,839.63,914.961
320.491,829.046,906.938
321.075,844.606,875.959
321.658,831.179,889.243
322.239,839.374,926.383
322.82,830.049,931.614
323.4,816.112,933.023
323.978,827.093,925.066
324.556,832.135,929.891
325.133,842.258,899.655
325.709,817.833,875.324
326.283,841.994,931.15
326.857,824.797,941.151
327.43,810.946,909.222
328.001,818.14,921.157
328.572,837.252,930.263
329.141,825.662,894.804
329.71,809.079,868.333
330.278,823.033,920.663
330.844,830.712,920.727
331.41,820.118,921.213
331.975,814.605,913.32
332.538,817.553,894.57
333.101,813.221,911.908
333.662,831.544,896.135
334.223,814.967,911.07
334.783,819.161,905.238
335.341,809.435,888.634
335.899,826.685,860.35
336.456,812.221,888.525
337.011,821.012,880.336
337.566,816.185,904.049
338.119,819.935,884.502
338.672,815.902,894.017
339.224,817.912,891.762
339.774,812.615,901.178
340.324,819.09,900.587
340.873,811.467,912.909
341.421,822.239,902.458
341.967,811.997,895.804
342.513,818.599,904.575
343.058,813.354,909.759
343.602,818.699,858.832
344.145,814.204,897.232
344.687,824.199,852.954
345.228,806.705,867.911
345.768,825.479,902.401
346.307,818.892,893.721
346.845,815.101,923.552
347.382,814.131,914.705
347.919,814.489,889.137
348.454,809.249,915.079
348.988,821.512,900.695
349.522,812.008,880.922
350.054,811.31,904.953
350.586,819.289,890.311
351.116,808.338,892.635
351.646,813.901,911.716
352.175,813.797,897.242
352.703,810.978,924.611
353.23,816.788,905.973
353.756,805.626,907.682
354.281,810.18,892.934
354.805,807.32,922.666
355.329,817.467,913.128
355.851,806.967,916.622
356.373,811.616,905.342
356.894,809.477,926.179
357.414,807.665,923.441
357.933,808.69,919.343
358.451,809.133,904.118
358.968,801.346,907.674
359.484,809.056,918.992
360.0,810.105,924.343
0.514709,804.507,922.188
1.02858,803.013,930.23
