L_S,vl1,vl2
360.0,0.0,0.0
0.514709,946.819,1026.47
1.02858,949.047,1030.32
1.54161,946.547,1035.15
2.05381,944.267,1036.0
2.56517,943.198,1035.78
3.07571,939.286,1023.1
3.58543,934.74,1013.58
4.09433,933.522,1033.6
4.60242,932.017,1058.45
5.1097,937.661,1043.46
5.61618,932.649,1055.23
6.12186,937.05,1052.42
6.62675,939.539,1050.7
7.13085,941.614,1052.5
7.63416,941.545,1061.27
8.1367,939.761,1060.53
8.63847,941.529,1042.71
9.13947,948.315,1051.23
9.63971,944.044,1038.0
10.1392,943.325,1050.09
10.6379,950.761,1072.2
11.1359,944.495,1059.91
11.6331,942.428,1049.9
12.1296,950.484,1062.45
12.6254,943.057,1051.42
13.1204,941.995,1033.09
13.6148,948.359,1057.76
14.1084,948.095,1064.21
14.6013,942.059,1060.37
15.0934,945.323,1061.57
15.5849,950.118,1071.25
16.0757,941.605,1051.52
16.5658,943.943,1043.77
17.0552,953.223,1060.94
17.544,945.781,1063.26
18.032,941.469,1047.98
18.5194,945.976,1051.97
19.0062,942.14,1069.4
19.4923,940.514,1056.53
19.9777,944.576,1045.52
20.4625,947.328,1047.06
20.9466,944.187,1050.45
21.4301,942.029,1048.75
21.913,944.146,1044.96
22.3952,942.767,1049.67
22.8769,941.736,1047.99
23.3579,943.151,1040.01
23.8383,943.562,1048.58
24.3181,941.174,1043.42
24.7973,940.919,1044.19
25.276,939.856,1041.36
25.754,939.507,1053.2
26.2315,938.883,1054.37
26.7083,939.029,1052.62
27.1847,939.126,1053.19
27.6604,939.103,1054.3
28.1356,936.652,1048.26
28.6103,933.614,1032.65
29.0843,933.44,1023.74
29.5579,931.118,1027.07
30.0309,930.255,1023.92
30.5034,930.662,1026.06
30.9754,928.212,1023.16
31.4468,928.178,1025.16
31.9178,928.529,1023.68
32.3882,928.644,1034.0
32.8582,927.395,1039.05
33.3276,927.211,1046.24
33.7965,928.011,1045.21
34.265,927.9,1046.82
34.733,928.686,1045.8
35.2005,926.761,1045.82
35.6676,925.733,1047.2
36.1341,923.791,1045.4
36.6003,923.86,1040.44
37.066,922.907,1026.97
37.5312,922.789,1020.47
37.996,922.793,1021.86
38.4604,921.549,1025.33
38.9243,919.7,1032.57
39.3878,919.558,1030.71
39.8509,919.037,1026.41
40.3136,917.088,1026.23
40.7759,916.551,1024.4
41.2378,916.296,1021.92
41.6993,914.994,1018.9
42.1604,914.341,1010.43
42.6211,911.972,1007.72
43.0815,913.307,1012.17
43.5415,912.304,1018.06
44.0011,910.761,1018.79
44.4604,909.185,1014.32
44.9193,907.953,1008.46
45.3778,909.158,1004.72
45.8361,906.495,1004.13
46.2939,904.807,1008.15
46.7515,904.191,1009.14
47.2087,902.702,1005.17
47.6656,900.446,1001.66
48.1222,899.941,1000.13
48.5785,900.196,997.824
49.0345,898.126,996.888
49.4902,897.526,998.935
49.9456,895.613,1001.17
50.4007,895.945,997.909
50.8556,894.381,991.605
51.3102,892.037,988.84
51.7645,890.109,991.442
52.2185,889.831,993.87
52.6723,889.931,993.906
53.1258,888.602,992.528
53.5791,887.531,987.987
54.0322,885.242,985.958
54.485,884.931,987.921
54.9376,884.234,988.0
55.3899,883.641,987.339
55.8421,880.717,974.427
56.294,879.831,977.455
56.7458,878.295,986.205
57.1973,877.866,988.313
57.6486,876.476,983.272
58.0998,874.89,979.247
58.5508,873.786,975.422
59.0016,872.895,974.399
59.4522,871.501,974.33
59.9026,870.758,973.067
60.3529,871.93,970.8
60.8031,870.026,970.145
61.2531,869.713,974.761
61.7029,866.81,974.431
62.1527,865.989,972.673
62.6023,863.638,972.212
63.0517,862.877,973.792
63.5011,861.143,972.456
63.9503,861.019,968.368
64.3994,859.033,964.844
64.8484,859.573,959.673
65.2973,858.776,957.575
65.7462,857.116,959.02
66.1949,856.498,960.593
66.6436,855.541,958.669
67.0922,853.202,955.776
67.5407,851.774,947.315
67.9891,851.702,941.551
68.4375,851.93,941.39
68.8859,850.796,942.387
69.3342,848.01,942.665
69.7824,847.419,943.788
70.2307,846.609,942.286
70.6789,846.452,941.055
71.127,844.111,937.662
71.5752,843.357,937.373
72.0233,841.712,935.122
72.4715,841.17,934.073
72.9196,840.029,931.769
73.3677,839.22,935.599
73.8159,837.742,934.54
74.264,837.354,930.821
74.7122,835.579,930.234
75.1604,834.61,927.133
75.6087,833.148,925.72
76.0569,831.497,924.536
76.5053,830.247,923.924
76.9537,829.106,924.13
77.4021,827.802,923.595
77.8506,825.951,922.263
78.2991,825.215,918.183
78.7478,823.101,915.94
79.1965,821.889,914.773
79.6453,820.272,912.157
80.0941,819.984,908.939
80.5431,818.52,905.558
80.9922,817.462,904.258
81.4414,815.036,902.627
81.8907,813.826,902.054
82.3401,812.417,901.892
82.7896,811.23,899.063
83.2393,809.376,892.736
83.6891,808.686,892.837
84.139,807.459,895.264
84.5891,806.582,893.398
85.0394,805.239,892.699
85.4898,804.453,891.816
85.9403,803.284,889.667
86.391,801.906,888.198
86.8419,801.225,884.992
87.293,799.312,882.982
87.7443,798.368,882.009
88.1957,796.668,882.576
88.6474,795.512,883.286
89.0992,793.081,881.702
89.5513,791.788,877.922
90.0036,790.061,873.828
90.4561,789.037,869.018
90.9088,788.099,866.829
91.3618,787.2,866.705
91.8149,785.785,869.631
92.2684,784.63,869.352
92.7221,782.744,869.377
93.176,781.326,866.044
93.6302,779.897,864.565
94.0846,778.622,860.962
94.5394,778.218,858.953
94.9944,776.536,857.714
95.4497,774.645,857.406
95.9053,772.763,857.449
96.3611,771.568,859.21
96.8173,769.698,856.705
97.2738,769.168,856.224
97.7305,767.839,855.386
98.1876,767.249,855.337
98.6451,765.376,855.549
99.1028,764.182,855.848
99.5609,763.382,852.875
100.019,762.184,847.886
100.478,761.006,843.49
100.937,759.176,842.628
101.397,758.132,840.472
101.857,756.392,839.952
102.317,754.879,839.369
102.777,752.918,837.917
103.238,751.822,836.31
103.7,750.034,833.233
104.161,749.091,833.653
104.623,747.886,830.978
105.086,747.079,830.407
105.549,745.865,829.742
106.012,744.949,828.632
106.476,743.383,828.488
106.94,741.909,829.313
107.405,740.983,826.759
107.87,739.216,825.209
108.335,737.567,822.355
108.801,736.218,821.381
109.268,735.784,821.982
109.735,735.017,819.004
110.202,733.402,814.084
110.67,731.869,812.458
111.138,730.755,813.503
111.607,729.333,815.41
112.076,728.211,815.267
112.546,727.007,815.738
113.016,725.588,814.146
113.487,723.743,811.761
113.958,722.614,809.696
114.43,722.508,806.883
114.902,721.428,805.565
115.375,720.289,806.42
115.848,719.118,807.435
116.322,717.656,807.021
116.796,716.213,806.721
117.271,714.96,808.18
117.747,713.899,806.3
118.223,712.498,802.538
118.7,711.478,801.227
119.177,710.503,800.047
119.655,709.248,799.861
120.133,708.658,799.98
120.612,707.735,801.837
121.092,706.137,802.543
121.572,704.871,798.917
122.053,703.569,794.1
122.534,703.007,790.904
123.016,702.859,785.996
123.499,702.25,781.382
123.982,701.584,782.936
124.466,700.063,785.045
124.95,698.775,788.967
125.435,698.905,789.55
125.921,697.451,790.479
126.408,697.831,788.74
126.895,696.5,784.326
127.383,695.707,779.337
127.871,694.94,777.015
128.36,693.385,779.168
128.85,693.334,780.571
129.34,691.971,779.14
129.832,691.141,777.587
130.324,690.624,775.899
130.816,688.784,776.72
131.309,688.833,775.71
131.803,687.86,775.745
132.298,685.994,775.12
132.794,684.887,773.443
133.29,683.744,771.11
133.787,684.299,763.888
134.285,684.196,765.334
134.783,682.95,770.508
135.282,682.411,768.105
135.782,680.091,764.874
136.283,678.099,762.754
136.784,677.974,766.294
137.286,678.105,765.611
137.789,678.403,766.572
138.293,677.797,764.657
138.798,678.497,760.648
139.303,678.924,763.147
139.809,677.875,762.173
140.316,677.51,760.722
140.824,675.085,759.338
141.333,674.516,756.724
141.842,673.556,762.26
142.352,671.722,762.32
142.863,668.686,762.199
143.375,667.235,765.659
143.888,669.765,760.605
144.401,670.109,760.045
144.916,668.298,759.814
145.431,668.569,760.071
145.947,670.067,758.297
146.464,671.243,753.893
146.982,673.303,746.223
147.5,672.724,744.416
148.02,670.968,746.301
148.54,670.178,747.349
149.061,668.654,749.227
149.584,665.257,747.251
150.107,664.013,746.843
150.631,666.765,749.346
151.155,668.395,753.87
151.681,666.01,748.769
152.208,664.297,739.417
152.735,665.034,740.974
153.264,668.622,744.132
153.793,668.332,743.818
154.323,669.253,752.055
154.855,669.431,762.799
155.387,669.229,764.199
155.92,669.167,745.66
156.454,668.565,743.517
156.989,670.316,736.707
157.524,671.959,732.866
158.061,672.273,737.237
158.599,671.403,740.202
159.138,670.954,735.91
159.677,672.061,729.603
160.218,673.255,728.296
160.76,673.927,734.008
161.302,674.596,744.42
161.846,673.274,751.327
162.39,673.739,755.453
162.935,674.009,752.042
163.482,674.918,748.743
164.029,677.4,746.632
164.577,678.434,747.272
165.127,676.999,750.503
165.677,678.825,763.757
166.228,679.723,767.914
166.781,679.569,760.268
167.334,679.892,760.976
167.888,680.49,754.221
168.443,682.675,756.046
169.0,682.834,761.361
169.557,682.049,759.017
170.115,685.86,755.097
170.674,684.578,770.293
171.234,685.558,771.727
171.796,687.991,767.575
172.358,687.5,761.302
172.921,689.086,769.066
173.485,691.343,767.13
174.05,691.403,781.216
174.617,693.779,774.874
175.184,694.704,775.03
175.752,695.621,780.554
176.321,695.004,777.628
176.892,696.974,773.495
177.463,699.522,779.271
178.035,700.475,788.121
178.608,699.555,784.553
179.183,702.016,785.228
179.758,701.377,791.086
180.334,703.261,789.145
180.911,703.664,784.004
181.49,703.943,801.157
182.069,703.97,794.277
182.649,705.481,798.499
183.23,706.59,805.127
183.813,707.447,792.446
184.396,708.286,817.086
184.98,710.009,804.135
185.566,712.001,815.111
186.152,713.999,805.794
186.739,715.406,811.129
187.327,714.806,812.272
187.917,718.504,797.133
188.507,719.99,816.635
189.098,721.187,806.408
189.69,725.03,820.895
190.283,726.342,810.671
190.877,726.818,827.234
191.473,729.94,804.92
192.069,731.422,802.489
192.666,735.093,828.036
193.264,736.542,819.099
193.863,740.475,819.064
194.463,740.155,821.618
195.063,747.794,837.096
195.665,741.545,822.556
196.268,745.041,838.839
196.872,752.301,822.49
197.476,746.424,828.617
198.082,753.165,823.824
198.688,758.428,837.584
199.296,758.192,827.18
199.904,757.623,839.994
200.513,768.37,833.583
201.123,767.269,848.153
201.735,766.177,838.706
202.346,770.544,837.117
202.959,774.238,851.957
203.573,779.032,878.908
204.187,773.228,849.716
204.803,777.457,869.485
205.419,788.909,825.824
206.036,782.031,833.12
206.654,788.911,852.915
207.273,795.026,866.926
207.893,789.551,874.449
208.513,800.745,865.399
209.135,792.814,883.24
209.757,801.124,881.267
210.38,795.752,891.179
211.003,799.942,891.868
211.628,808.85,885.77
212.253,804.071,884.143
212.879,810.315,880.766
213.506,810.631,906.03
214.134,812.303,886.413
214.762,814.07,887.707
215.391,830.443,887.17
216.021,822.767,925.272
216.651,820.025,882.348
217.283,826.912,890.822
217.915,834.213,909.523
218.547,825.186,920.948
219.18,823.428,896.035
219.814,849.647,918.445
220.449,841.781,914.697
221.084,834.102,920.541
221.72,842.644,916.113
222.357,840.949,920.321
222.994,844.016,928.293
223.632,858.816,918.352
224.27,859.442,915.546
224.909,858.545,909.561
225.548,866.369,917.149
226.188,865.151,937.981
226.829,854.361,939.016
227.47,857.207,966.548
228.112,874.964,947.338
228.754,873.523,961.896
229.396,865.078,938.239
230.04,878.757,975.472
230.683,883.171,952.843
231.327,871.835,978.598
231.972,884.846,949.916
232.617,886.407,991.289
233.262,894.138,947.792
233.908,879.882,968.787
234.554,899.474,950.281
235.201,884.577,998.194
235.848,887.316,975.708
236.495,896.861,966.374
237.143,910.25,961.732
237.791,906.083,968.35
238.439,888.704,964.056
239.088,899.846,999.75
239.737,901.222,1010.22
240.386,896.631,980.407
241.036,920.14,981.372
241.685,918.073,1014.23
242.335,900.757,998.197
242.985,908.468,1005.21
243.636,919.81,989.758
244.286,915.501,1015.68
244.937,919.788,1006.97
245.588,915.423,990.504
246.239,913.167,996.601
246.891,916.566,1029.75
247.542,929.188,993.716
248.193,924.925,1033.23
248.845,918.457,1007.62
249.497,917.464,1016.39
250.148,936.495,977.016
250.8,932.364,1031.65
251.452,933.776,993.019
252.104,920.396,1008.44
252.756,916.596,1043.95
253.408,917.931,1042.83
254.059,931.367,1015.72
254.711,947.084,1013.94
255.363,928.064,976.653
256.015,917.473,1007.17
256.666,909.667,1039.75
257.318,916.442,1021.38
257.969,933.744,1023.49
258.621,936.823,953.168
259.272,926.63,979.124
259.923,910.292,1011.42
260.574,915.682,1007.84
261.224,921.939,1040.41
261.875,929.565,996.167
262.525,932.507,989.231
263.175,907.97,982.35
263.825,912.397,1007.77
264.475,923.273,1028.41
265.124,923.298,1023.32
265.773,926.039,977.272
266.422,909.789,986.986
267.07,907.576,1009.38
267.718,921.677,981.883
268.366,922.779,1016.81
269.014,929.146,960.67
269.661,897.185,985.061
270.307,908.831,1017.82
270.954,913.317,999.615
271.6,911.696,1018.53
272.245,937.757,974.88
272.891,916.957,949.06
273.535,899.782,990.68
274.18,888.988,1026.57
274.823,894.6,1033.16
275.467,915.731,1006.9
276.11,917.965,951.665
276.752,918.028,961.329
277.394,897.569,974.304
278.035,889.802,1013.19
278.676,892.398,1011.44
279.316,900.175,1019.93
279.956,914.586,953.02
280.595,907.754,946.18
281.234,892.3,965.241
281.872,884.162,985.656
282.509,882.682,1009.1
283.146,893.521,1010.52
283.782,901.536,994.992
284.417,895.177,911.267
285.052,886.982,943.504
285.687,889.941,964.452
286.32,883.902,998.309
286.953,888.183,1001.46
287.585,891.363,925.152
288.217,883.571,957.67
288.847,876.016,994.387
289.478,894.046,951.153
290.107,887.623,965.911
290.736,900.801,962.58
291.363,882.406,937.037
291.991,864.864,952.94
292.617,873.736,994.936
293.243,883.795,946.217
293.867,885.094,964.66
294.491,887.467,911.922
295.115,870.811,923.398
295.737,862.424,987.837
296.359,863.869,954.043
296.98,872.749,999.987
297.6,887.094,943.189
298.219,860.726,894.902
298.837,870.58,950.213
299.455,881.176,940.182
300.071,859.89,997.889
300.687,869.59,942.091
301.302,869.62,978.583
301.916,862.913,975.587
302.529,852.728,968.978
303.142,876.108,922.602
303.753,879.833,963.399
304.363,864.378,913.68
304.973,847.203,942.79
305.582,863.166,964.769
306.189,853.432,976.825
306.796,859.228,904.31
307.402,869.65,961.453
308.007,857.434,912.802
308.611,847.72,940.579
309.215,860.198,954.394
309.817,847.484,959.694
310.418,843.516,917.521
311.018,864.161,914.972
311.618,856.144,895.071
312.216,835.58,933.96
312.813,852.901,959.769
313.41,855.274,953.952
314.005,831.424,889.21
314.6,843.268,914.399
315.194,862.693,906.561
315.786,840.832,896.276
316.378,831.676,939.23
316.968,845.833,895.001
317.558,843.84,978.486
318.147,833.523,928.382
318.734,830.991,922.453
319.321,852.33,939.638
319.907,843.603,949.452
320.491,825.213,905.376
321.075,849.052,948.983
321.658,841.082,939.776
322.239,824.934,895.322
322.82,827.629,918.936
323.4,849.185,933.728
323.978,832.846,939.316
324.556,827.541,903.355
325.133,825.651,915.114
325.709,841.978,920.76
326.283,824.836,934.424
326.857,836.266,925.63
327.43,833.048,919.937
328.001,829.785,883.698
328.572,818.556,889.374
329.141,838.451,907.112
329.71,824.717,933.808
330.278,821.093,922.156
330.844,825.008,909.525
331.41,824.281,940.941
331.975,826.932,918.401
332.538,820.372,889.661
333.101,828.295,883.257
333.662,834.039,876.24
334.223,823.879,911.843
334.783,829.29,887.363
335.341,821.586,901.71
335.899,827.296,921.358
336.456,816.614,929.857
337.011,824.658,864.689
337.566,817.417,905.53
338.119,831.043,848.524
338.672,814.764,882.718
339.224,829.637,918.469
339.774,823.628,899.443
340.324,829.151,924.525
340.873,818.027,912.401
341.421,821.091,896.052
341.967,813.502,920.018
342.513,828.081,866.179
343.058,815.045,911.849
343.602,827.866,871.621
344.145,814.057,907.16
344.687,824.271,928.055
345.228,817.091,886.797
345.768,813.321,930.897
346.307,821.512,891.976
346.845,810.137,891.099
347.382,828.249,910.055
347.919,827.32,886.38
348.454,812.316,906.07
348.988,825.118,890.201
349.522,813.356,897.411
350.054,831.072,916.787
350.586,816.813,897.293
351.116,815.847,877.454
351.646,815.42,901.864
352.175,819.43,890.858
352.703,810.424,914.643
353.23,821.585,902.622
353.756,810.78,928.581
354.281,817.802,915.709
354.805,816.837,927.342
355.329,810.979,927.969
355.851,811.618,919.144
356.373,809.053,931.01
356.894,811.047,914.803
357.414,812.009,936.755
357.933,816.098,892.329
358.451,813.358,913.747
358.968,813.416,907.21
359.484,808.346,935.299
360.0,809.84,901.765
0.514709,807.511,927.597
1.02858,820.792,916.07
1.54161,815.931,927.79
2.05381,809.509,927.112
2.56517,809.76,918.581
3.07571,807.058,913.162
3.58543,810.794,913.819
4.09433,818.883,903.565
4.60242,821.329,922.154
5.1097,821.751,921.786
5.61618,815.962,918.167
6.12186,817.266,934.575
6.62675,817.959,925.496
7.13085,818.21,948.03
7.63416,817.708,929.756
8.1367,817.811,916.071
8.63847,822.436,929.434
9.13947,820.898,940.847
9.63971,816.006,943.274
10.1392,816.501,935.235
10.6379,819.561,928.841
11.1359,819.726,936.805
11.6331,820.08,915.146
12.1296,819.98,931.774
12.6254,825.29,927.151
13.1204,822.721,917.946
13.6148,827.765,937.301
14.1084,819.092,945.138
14.6013,818.792,913.145
15.0934,820.882,927.73
15.5849,828.76,925.362
16.0757,824.785,948.541
16.5658,820.172,930.311
17.0552,823.99,924.212
17.544,822.283,956.178
18.032,823.416,938.2
18.5194,822.855,933.548
19.0062,825.871,918.762
19.4923,827.686,924.519
19.9777,824.356,923.614
20.4625,832.443,924.74
20.9466,824.645,937.059
21.4301,828.029,926.085
21.913,831.917,928.27
22.3952,825.513,946.83
22.8769,827.494,930.881
23.3579,830.524,934.84
23.8383,828.003,948.446
24.3181,832.222,938.464
24.7973,826.842,933.261
25.276,828.759,924.599
25.754,838.384,934.574
26.2315,829.361,946.775
26.7083,825.755,929.566
27.1847,831.845,921.592
27.6604,829.583,938.387
28.1356,829.672,937.07
28.6103,833.524,941.247
29.0843,829.708,933.211
29.5579,830.266,917.446
30.0309,835.279,941.275
30.5034,829.734,945.501
30.9754,823.927,919.865
31.4468,829.754,925.807
31.9178,831.21,949.941
32.3882,827.578,934.318
32.8582,828.873,920.617
33.3276,832.212,925.9
33.7965,831.985,940.419
34.265,829.184,928.705
34.733,827.017,919.72
35.2005,833.896,931.367
35.6676,829.376,938.024
36.1341,825.711,920.053
36.6003,829.991,924.255
37.066,832.234,933.091
37.5312,828.654,921.497
37.996,828.788,918.961
38.4604,835.854,943.73
38.9243,828.9,963.633
39.3878,824.41,909.103
39.8509,825.17,923.531
40.3136,832.672,944.491
40.7759,829.566,933.22
41.2378,826.89,918.796
41.6993,830.463,919.722
42.1604,832.794,944.757
42.6211,830.192,931.544
43.0815,826.256,918.585
43.5415,830.922,930.504
44.0011,833.379,940.396
44.4604,828.59,918.144
44.9193,832.183,924.086
45.3778,834.558,943.979
45.8361,828.218,916.608
46.2939,823.617,920.038
46.7515,831.772,939.038
47.2087,829.741,947.111
47.6656,822.977,918.962
48.1222,823.815,915.655
48.5785,833.781,940.678
49.0345,831.286,948.085
49.4902,826.855,922.164
49.9456,823.203,928.053
50.4007,830.071,924.245
50.8556,828.973,927.56
51.3102,827.976,924.369
51.7645,829.389,921.422
52.2185,832.551,924.542
52.6723,825.382,929.957
53.1258,827.45,927.925
53.5791,831.167,927.081
54.0322,824.216,921.225
54.485,822.319,914.135
54.9376,830.385,918.615
55.3899,830.943,927.715
55.8421,826.025,928.679
56.294,826.271,919.222
56.7458,826.609,917.418
57.1973,826.501,923.033
57.6486,819.972,921.258
58.0998,823.326,916.701
58.5508,827.255,919.09
59.0016,822.655,926.644
59.4522,822.246,926.148
59.9026,820.544,924.121
60.3529,821.203,922.309
60.8031,819.378,919.4
61.2531,821.834,918.695
61.7029,819.065,922.335
62.1527,818.386,922.266
62.6023,819.083,921.514
63.0517,819.409,925.542
63.5011,817.842,924.868
63.9503,816.723,921.964
64.3994,818.24,918.754
64.8484,819.572,927.798
65.2973,815.975,926.136
65.7462,812.791,916.94
66.1949,815.605,911.928
66.6436,818.629,917.085
67.0922,817.466,922.234
67.5407,814.437,916.063
67.9891,814.304,911.831
68.4375,815.903,912.834
68.8859,815.185,917.062
69.3342,812.478,917.242
69.7824,814.179,915.862
70.2307,815.001,915.425
70.6789,813.08,913.729
71.127,811.923,914.503
71.5752,813.353,912.406
72.0233,812.281,911.168
72.4715,813.384,913.56
72.9196,812.16,917.655
73.3677,810.471,914.265
73.8159,810.968,912.201
74.264,810.446,912.166
74.7122,809.292,910.919
75.1604,810.042,913.472
75.6087,806.387,911.758
76.0569,806.785,909.57
76.5053,806.918,910.204
76.9537,807.137,907.128
77.4021,805.362,902.044
77.8506,804.169,902.624
78.2991,803.611,904.475
78.7478,804.079,904.355
79.1965,803.867,900.871
79.6453,802.159,899.123
80.0941,801.717,899.522
80.5431,800.648,903.499
80.9922,799.667,903.521
81.4414,798.51,898.296
81.8907,798.032,896.592
82.3401,798.057,900.921
82.7896,796.834,898.789
83.2393,796.059,897.416
83.6891,795.638,893.902
84.139,794.312,895.499
84.5891,793.331,893.151
85.0394,792.72,892.017
85.4898,792.258,890.929
85.9403,792.551,886.225
86.391,791.268,889.285
86.8419,791.144,889.662
87.293,790.872,887.551
87.7443,788.88,885.668
88.1957,788.19,883.672
88.6474,787.327,883.322
89.0992,786.355,877.775
89.5513,785.71,879.007
90.0036,785.019,880.706
90.4561,784.689,874.69
90.9088,783.454,872.657
91.3618,783.075,871.231
91.8149,782.692,873.382
92.2684,781.057,870.989
92.7221,780.131,874.422
93.176,779.637,877.537
93.6302,778.722,874.534
94.0846,777.735,870.897
94.5394,776.851,863.664
94.9944,775.352,863.496
95.4497,774.224,865.063
95.9053,773.311,864.567
96.3611,772.525,864.754
96.8173,771.748,863.904
97.2738,771.711,862.79
97.7305,771.807,863.292
98.1876,770.717,861.656
98.6451,769.023,861.62
99.1028,767.678,859.521
99.5609,766.709,855.392
100.019,765.375,853.115
100.478,765.263,850.058
100.937,762.743,847.354
101.397,760.902,847.493
101.857,759.79,845.946
102.317,758.844,846.373
102.777,757.95,846.167
103.238,756.633,844.245
103.7,754.925,840.112
104.161,753.296,838.907
104.623,752.88,839.856
105.086,752.387,840.306
105.549,750.806,838.949
106.012,749.803,837.163
106.476,749.149,838.648
106.94,748.018,836.729
107.405,746.867,837.029
107.87,746.172,836.845
108.335,745.181,834.764
108.801,744.436,829.234
109.268,742.697,826.807
109.735,740.746,828.18
110.202,740.05,826.974
110.67,738.825,827.563
111.138,737.124,830.928
111.607,736.55,830.267
112.076,734.986,826.147
112.546,732.435,821.868
113.016,732.161,816.094
113.487,731.866,813.504
113.958,730.126,812.617
114.43,729.385,815.715
114.902,728.042,818.241
115.375,726.654,818.079
115.848,726.1,816.708
116.322,724.61,813.592
116.796,723.583,811.029
117.271,722.672,807.454
117.747,721.547,805.507
118.223,720.24,808.536
118.7,719.626,807.211
119.177,718.651,808.02
119.655,718.24,808.676
120.133,716.325,804.055
120.612,715.22,797.073
121.092,714.481,794.071
121.572,714.324,796.584
122.053,712.651,799.522
122.534,711.305,802.91
123.016,710.873,802.579
123.499,710.063,800.686
123.982,708.005,799.737
124.466,707.813,796.646
124.95,706.778,792.318
125.435,705.859,789.349
125.921,705.319,791.087
126.408,704.587,790.54
126.895,704.104,790.953
127.383,702.316,793.562
127.871,701.711,792.561
128.36,700.664,789.881
128.85,700.638,785.633
129.34,701.033,780.812
129.832,698.701,780.945
130.324,698.58,778.396
130.816,698.871,778.991
131.309,697.39,782.559
131.803,697.359,780.791
132.298,695.843,779.036
132.794,695.15,777.013
133.29,692.703,778.931
133.787,690.406,779.477
134.285,690.063,777.007
134.783,689.117,775.966
135.282,689.347,770.059
135.782,688.896,764.334
136.283,688.581,767.026
136.784,688.698,773.433
137.286,689.054,775.664
137.789,690.342,773.524
138.293,689.911,776.103
138.798,688.716,775.379
139.303,686.553,772.475
139.809,684.467,772.687
140.316,682.103,769.205
140.824,681.127,760.974
141.333,679.298,759.905
141.842,675.766,768.076
142.352,674.351,769.097
142.863,678.538,769.724
143.375,684.992,764.545
143.888,683.303,763.78
144.401,680.206,765.457
144.916,680.139,765.276
145.431,677.801,764.227
145.947,676.869,765.358
146.464,677.121,763.694
146.982,677.2,753.14
147.5,675.274,750.937
148.02,673.183,751.582
148.54,673.051,753.145
149.061,674.418,755.223
149.584,672.445,765.497
150.107,672.7,771.533
150.631,674.427,761.732
151.155,677.229,759.369
151.681,678.289,756.789
152.208,676.463,755.021
152.735,675.318,751.326
153.264,674.672,755.005
153.793,675.416,759.279
154.323,676.363,758.355
154.855,676.125,757.731
155.387,676.629,759.97
155.92,676.285,757.54
156.454,676.652,745.288
156.989,678.701,741.416
157.524,677.239,744.789
158.061,677.485,748.384
158.599,677.802,746.325
159.138,679.166,741.781
159.677,679.693,735.44
160.218,679.931,740.668
160.76,680.929,753.928
161.302,679.998,762.496
161.846,680.802,763.756
162.39,681.926,768.376
162.935,682.464,766.184
163.482,684.642,758.465
164.029,684.169,753.479
164.577,685.353,762.135
165.127,684.95,764.131
165.677,685.37,767.098
166.228,686.501,761.795
166.781,687.07,778.132
167.334,688.418,773.344
167.888,688.346,767.42
168.443,690.105,764.676
169.0,690.72,769.974
169.557,691.529,772.068
170.115,691.942,777.546
170.674,693.075,773.454
171.234,694.795,769.969
171.796,695.447,773.977
172.358,696.285,772.944
172.921,697.81,776.376
173.485,699.034,790.949
174.05,699.36,780.107
174.617,701.79,785.923
175.184,700.597,788.114
175.752,701.542,786.707
176.321,705.834,785.695
176.892,704.76,794.179
177.463,706.612,788.201
178.035,707.516,788.635
178.608,707.186,785.426
179.183,708.286,800.281
179.758,708.333,797.796
180.334,707.095,796.932
180.911,709.844,803.535
181.49,709.677,796.577
182.069,709.479,809.034
182.649,711.641,805.074
183.23,717.421,797.635
183.813,713.917,810.852
184.396,713.597,809.98
184.98,715.796,803.088
185.566,717.344,814.786
186.152,722.126,811.975
186.739,721.378,819.452
187.327,721.369,798.802
187.917,726.533,831.576
188.507,725.504,817.954
189.098,725.519,829.907
189.69,733.028,819.455
190.283,734.59,826.293
190.877,732.444,820.855
191.473,735.023,817.425
192.069,736.131,828.04
192.666,738.335,836.371
193.264,741.839,816.777
193.863,742.683,835.179
194.463,744.483,811.934
195.063,749.945,842.047
195.665,746.46,820.013
196.268,753.334,830.213
196.872,761.431,803.843
197.476,761.09,812.482
198.082,760.261,846.977
198.688,766.634,824.195
199.296,764.394,805.131
199.904,762.293,843.755
200.513,776.095,825.159
201.123,772.0,828.092
201.735,778.453,863.512
202.346,774.409,814.977
202.959,784.487,877.465
203.573,777.985,859.416
204.187,781.474,867.534
204.803,782.612,832.382
205.419,786.835,875.169
206.036,783.022,892.101
206.654,784.552,854.632
207.273,790.713,885.567
207.893,806.771,880.938
208.513,799.33,891.267
209.135,795.098,891.437
209.757,804.784,873.683
210.38,804.534,894.96
211.003,803.054,893.093
211.628,814.771,882.974
212.253,809.976,890.127
212.879,817.029,875.589
213.506,813.836,899.517
214.134,817.512,906.042
214.762,824.933,899.889
215.391,820.055,880.037
216.021,825.64,911.664
216.651,835.796,864.732
217.283,830.569,904.218
217.915,831.746,924.739
218.547,827.054,908.236
219.18,839.453,939.681
219.814,837.731,935.306
220.449,831.102,899.669
221.084,843.58,945.435
221.72,861.712,949.531
222.357,842.544,925.262
222.994,852.288,933.172
223.632,866.281,969.188
224.27,854.779,957.485
224.909,848.519,939.078
225.548,863.44,917.341
226.188,869.997,956.41
226.829,861.917,950.317
227.47,872.002,940.337
228.112,870.47,948.093
228.754,870.328,975.358
229.396,881.093,956.344
230.04,874.402,949.527
230.683,876.656,958.302
231.327,881.323,964.931
231.972,887.273,984.022
232.617,884.335,952.179
233.262,879.615,967.376
233.908,902.789,986.782
234.554,895.365,998.241
235.201,880.387,957.192
235.848,896.305,985.013
236.495,914.176,989.575
237.143,898.963,959.645
237.791,892.16,994.412
238.439,917.252,1018.44
239.088,889.752,1012.06
239.737,906.667,980.449
240.386,917.708,1017.54
241.036,928.216,991.448
241.685,900.217,963.048
242.335,906.651,1013.39
242.985,923.516,1012.97
243.636,893.976,1016.71
244.286,921.992,997.623
244.937,928.513,1007.07
245.588,918.241,999.745
246.239,902.619,982.279
246.891,920.31,1024.3
247.542,909.214,1046.55
248.193,919.639,1016.43
248.845,931.361,986.231
249.497,938.969,999.501
250.148,917.567,984.322
250.8,899.039,1025.65
251.452,919.565,1017.96
252.104,924.611,1043.38
252.756,929.018,979.238
253.408,920.971,980.108
254.059,914.187,1012.74
254.711,930.557,996.17
255.363,925.35,1030.92
256.015,934.643,977.115
256.666,913.947,1004.24
257.318,916.989,1021.36
257.969,920.916,1009.48
258.621,915.331,1004.14
259.272,944.043,996.14
259.923,925.229,996.168
260.574,921.18,976.273
261.224,899.684,1035.41
261.875,914.428,1009.35
262.525,913.269,1045.41
263.175,930.73,1002.17
263.825,927.203,985.611
264.475,922.795,969.615
265.124,921.138,988.002
265.773,893.269,1025.26
266.422,902.623,1010.74
267.07,921.695,1028.39
267.718,935.812,1000.08
268.366,911.107,957.342
269.014,903.149,990.366
269.661,912.042,1007.85
270.307,901.758,1022.56
270.954,914.388,1008.63
271.6,920.298,937.957
272.245,919.725,977.087
272.891,892.977,986.894
273.535,896.333,1001.52
274.18,914.535,1015.72
274.823,912.795,984.74
275.467,909.816,949.631
276.11,886.938,999.082
276.752,899.676,988.931
277.394,900.849,993.356
278.035,907.648,1011.77
278.676,910.783,924.698
279.316,887.138,954.411
279.956,883.86,1014.88
280.595,904.121,963.38
281.234,901.919,995.761
281.872,910.796,932.266
282.509,882.863,962.299
283.146,878.58,982.648
283.782,883.607,997.489
284.417,893.34,1023.61
285.052,892.442,955.539
285.687,904.028,918.522
286.32,888.031,979.73
286.953,870.639,958.869
287.585,870.094,983.763
288.217,894.572,991.732
288.847,890.17,970.603
289.478,876.62,923.842
290.107,861.806,969.137
290.736,885.859,951.219
291.363,880.744,964.966
291.991,877.554,989.598
292.617,881.792,926.365
293.243,862.126,954.97
293.867,873.006,986.677
294.491,886.196,943.042
295.115,875.337,942.172
295.737,880.402,938.901
296.359,861.511,909.311
296.98,853.618,983.711
297.6,871.866,973.281
298.219,866.091,952.935
298.837,884.333,917.746
299.455,851.756,927.517
300.071,860.173,950.591
300.687,867.916,960.553
301.302,855.441,987.731
301.916,870.078,910.483
302.529,866.385,906.029
303.142,838.418,943.606
303.753,855.097,934.282
304.363,866.415,945.806
304.973,861.544,962.045
305.582,843.265,945.078
306.189,843.277,919.948
306.796,853.405,948.519
307.402,857.803,952.022
308.007,854.129,926.66
308.611,860.173,917.355
309.215,860.279,936.371
309.817,838.345,916.505
310.418,843.895,939.224
311.018,865.269,921.756
311.618,836.416,934.413
312.216,841.204,937.706
312.813,842.135,920.03
313.41,843.901,902.078
314.005,845.843,934.593
314.6,853.004,878.713
315.194,831.49,929.581
315.786,828.551,920.134
316.378,840.578,956.005
316.968,852.455,927.078
317.558,834.978,903.563
318.147,834.6,920.901
318.734,851.599,933.69
319.321,829.127,922.388
319.907,823.267,926.599
320.491,843.14,934.716
321.075,844.666,934.457
321.658,818.844,885.304
322.239,841.142,935.805
322.82,842.797,897.808
323.4,825.022,931.631
323.978,832.164,887.811
324.556,822.588,928.271
325.133,833.136,948.796
325.709,820.784,923.487
326.283,826.866,923.608
326.857,836.562,927.322
327.43,825.521,912.624
328.001,819.264,873.004
328.572,826.651,931.197
329.141,835.221,926.645
329.71,824.378,926.552
330.278,817.544,908.16
330.844,820.916,872.992
331.41,832.046,900.59
331.975,819.897,905.99
332.538,823.272,873.653
333.101,813.989,935.673
333.662,824.951,915.719
334.223,810.257,903.502
334.783,819.456,910.068
335.341,828.77,866.551
335.899,821.505,908.788
336.456,825.673,883.459
337.011,819.575,888.488
337.566,816.431,928.61
338.119,814.945,877.818
338.672,813.644,889.874
339.224,813.206,908.42
339.774,820.564,860.894
340.324,810.349,895.808
340.873,829.766,872.441
341.421,825.359,875.947
341.967,818.865,922.748
342.513,819.503,890.6
343.058,814.125,892.737
343.602,820.827,910.99
344.145,818.87,891.896
344.687,819.258,916.44
345.228,817.175,910.532
345.768,815.426,879.94
346.307,810.497,902.062
346.845,820.298,878.857
347.382,804.822,887.145
347.919,823.619,922.844
348.454,813.64,879.893
348.988,811.503,921.64
349.522,821.552,900.14
350.054,814.486,901.661
350.586,812.969,922.067
351.116,817.064,898.185
351.646,810.704,885.907
352.175,820.658,919.436
352.703,813.971,881.768
353.23,809.114,881.519
353.756,814.418,874.703
354.281,814.542,908.789
354.805,811.904,903.411
355.329,808.601,906.805
355.851,807.06,924.931
356.373,804.689,899.149
356.894,812.104,921.941
357.414,806.901,895.803
357.933,806.152,928.776
358.451,818.572,913.9
358.968,806.521,928.374
359.484,804.666,929.927
360.0,812.179,920.502
0.514709,806.856,926.765
1.02858,803.966,919.499
