L_S,vl1,vl2
360.0,0.0,0.0
0.514709,946.819,1026.47
1.02858,949.047,1030.32
1.54161,946.547,1035.15
2.05381,944.267,1036.0
2.56517,943.198,1035.78
3.07571,939.286,1023.1
3.58543,934.74,1013.58
4.09433,933.522,1033.6
4.60242,932.017,1058.45
5.1097,937.661,1043.46
5.61618,932.649,1055.23
6.12186,937.05,1052.42
6.62675,939.539,1050.7
7.13085,941.614,1052.5
7.63416,941.545,1061.27
8.1367,939.761,1060.53
8.63847,941.529,1042.71
9.13947,948.315,1051.23
9.63971,944.044,1038.0
10.1392,943.325,1050.09
10.6379,950.761,1072.2
11.1359,944.495,1059.91
11.6331,942.428,1049.9
12.1296,950.484,1062.45
12.6254,943.057,1051.42
13.1204,941.995,1033.09
13.6148,948.359,1057.76
14.1084,948.095,1064.21
14.6013,942.059,1060.37
15.0934,945.323,1061.57
15.5849,950.118,1071.25
16.0757,941.605,1051.52
16.5658,943.943,1043.77
17.0552,953.223,1060.94
17.544,945.78,1063.26
18.032,941.467,1047.97
18.5194,945.974,1051.96
19.0062,942.138,1069.4
19.4923,940.509,1056.53
19.9777,944.567,1045.51
20.4625,947.321,1047.07
20.9466,944.177,1050.44
21.4301,942.017,1048.73
21.913,944.137,1044.9
22.3952,942.752,1049.64
22.8769,941.71,1047.88
23.3579,943.126,1039.89
23.8383,943.531,1048.56
24.3181,941.131,1043.36
24.7973,940.899,1044.37
25.276,939.854,1041.5
25.754,939.501,1053.15
26.2315,938.867,1054.27
26.7083,939.016,1052.6
27.1847,939.007,1053.26
27.6604,939.099,1054.33
28.1356,936.518,1047.57
28.6103,933.405,1030.96
29.0843,933.572,1023.94
29.5579,930.938,1027.42
30.0309,930.368,1024.96
30.5034,931.025,1025.54
30.9754,928.499,1026.47
31.4468,928.37,1030.2
31.9178,928.784,1034.9
32.3882,929.365,1043.87
32.8582,927.27,1044.12
33.3276,927.327,1037.36
33.7965,929.161,1029.83
34.265,928.037,1025.0
34.733,925.647,1032.02
35.2005,924.656,1035.07
35.6676,924.949,1038.18
36.1341,923.222,1040.62
36.6003,922.039,1041.99
37.066,923.312,1038.34
37.5312,923.274,1032.58
37.996,922.193,1029.08
38.4604,922.155,1025.34
38.9243,921.517,1022.61
39.3878,920.332,1023.44
39.8509,919.926,1022.58
40.3136,917.641,1022.12
40.7759,915.938,1022.33
41.2378,916.353,1021.21
41.6993,916.001,1019.35
42.1604,914.264,1019.54
42.6211,913.22,1015.61
43.0815,913.156,1013.94
43.5415,911.009,1012.93
44.0011,909.958,1015.47
44.4604,910.46,1015.58
44.9193,907.687,1011.96
45.3778,906.56,1009.01
45.8361,905.927,1006.81
46.2939,906.177,1007.73
46.7515,903.711,1008.72
47.2087,900.84,1005.09
47.6656,900.783,998.695
48.1222,899.957,999.39
48.5785,899.885,997.414
49.0345,898.2,995.854
49.4902,897.0,996.502
49.9456,895.417,999.009
50.4007,894.928,999.582
50.8556,893.58,995.821
51.3102,891.293,993.812
51.7645,889.994,991.71
52.2185,889.412,990.379
52.6723,889.478,989.051
53.1258,887.507,988.045
53.5791,886.28,984.931
54.0322,883.459,986.451
54.485,883.488,990.905
54.9376,883.032,987.971
55.3899,882.595,979.678
55.8421,880.082,977.395
56.294,879.32,977.706
56.7458,878.483,980.578
57.1973,876.577,983.452
57.6486,874.973,981.373
58.0998,873.731,979.9
58.5508,873.042,976.408
59.0016,871.561,979.972
59.4522,871.388,978.511
59.9026,869.843,973.287
60.3529,870.654,967.641
60.8031,869.432,969.604
61.2531,868.737,969.328
61.7029,866.953,969.001
62.1527,865.823,966.742
62.6023,863.683,964.107
63.0517,862.503,961.625
63.5011,861.183,962.33
63.9503,860.919,961.295
64.3994,858.978,959.837
64.8484,857.434,959.199
65.2973,856.56,958.693
65.7462,855.303,954.226
66.1949,854.512,950.869
66.6436,853.178,954.945
67.0922,853.447,958.18
67.5407,852.273,955.489
67.9891,851.144,945.094
68.4375,849.873,937.594
68.8859,849.188,937.059
69.3342,847.784,941.538
69.7824,847.382,944.184
70.2307,845.58,944.87
70.6789,844.354,943.751
71.127,841.925,944.787
71.5752,840.994,943.416
72.0233,840.708,934.83
72.4715,839.22,926.939
72.9196,837.581,925.871
73.3677,835.236,927.145
73.8159,834.998,929.208
74.264,833.919,931.597
74.7122,834.116,930.742
75.1604,831.474,926.427
75.6087,830.708,922.63
76.0569,829.134,921.516
76.5053,828.531,923.307
76.9537,826.077,919.44
77.4021,824.819,917.574
77.8506,823.502,917.369
78.2991,822.42,915.529
78.7478,820.906,915.171
79.1965,819.328,915.609
79.6453,817.578,911.186
80.0941,816.404,904.443
80.5431,816.152,899.388
80.9922,814.415,898.781
81.4414,813.441,898.983
81.8907,811.693,901.818
82.3401,810.917,902.702
82.7896,809.434,900.951
83.2393,808.189,896.35
83.6891,806.569,892.807
84.139,805.977,893.72
84.5891,804.126,892.262
85.0394,802.712,892.982
85.4898,800.963,891.484
85.9403,800.399,889.137
86.391,799.129,887.276
86.8419,797.526,883.997
87.293,795.903,884.344
87.7443,794.558,886.163
88.1957,793.464,887.679
88.6474,791.648,886.77
89.0992,790.465,882.28
89.5513,788.202,876.937
90.0036,787.767,873.071
90.4561,785.501,871.876
90.9088,784.135,871.463
91.3618,782.358,869.394
91.8149,781.274,869.379
92.2684,779.548,866.187
92.7221,778.473,862.859
93.176,777.117,861.802
93.6302,776.321,862.361
94.0846,774.716,861.943
94.5394,773.196,861.06
94.9944,772.336,858.818
95.4497,771.274,856.247
95.9053,769.895,853.509
96.3611,768.374,851.411
96.8173,766.844,850.465
97.2738,764.467,849.573
97.7305,762.827,847.861
98.1876,760.818,846.438
98.6451,759.916,845.222
99.1028,758.438,841.093
99.5609,757.767,836.333
100.019,756.576,834.413
100.478,755.462,836.116
100.937,753.528,837.304
101.397,752.339,835.959
101.857,751.292,832.401
102.317,750.421,830.846
102.777,748.53,829.891
103.238,746.36,831.732
103.7,745.865,832.3
104.161,744.702,830.233
104.623,743.211,827.604
105.086,741.186,826.298
105.549,740.384,824.462
106.012,739.265,826.295
106.476,737.962,825.708
106.94,736.341,822.931
107.405,734.688,818.212
107.87,734.118,814.474
108.335,732.62,814.95
108.801,731.577,817.394
109.268,730.26,818.145
109.735,729.203,817.866
110.202,727.309,815.546
110.67,725.986,812.692
111.138,724.333,811.571
111.607,722.918,810.783
112.076,722.178,811.378
112.546,720.721,810.71
113.016,720.081,807.902
113.487,718.748,803.832
113.958,717.49,803.855
114.43,716.061,804.158
114.902,714.813,800.983
115.375,713.712,798.035
115.848,712.537,795.83
116.322,711.58,793.191
116.796,710.839,791.108
117.271,709.314,791.253
117.747,707.822,790.718
118.223,706.718,788.915
118.7,705.165,786.646
119.177,703.732,786.022
119.655,702.701,788.337
120.133,701.576,790.913
120.612,700.906,791.002
121.092,699.32,789.766
121.572,698.511,790.364
122.053,698.23,788.637
122.534,697.115,786.713
123.016,695.737,784.052
123.499,694.573,780.346
123.982,693.316,778.064
124.466,692.927,778.15
124.95,692.645,779.957
125.435,691.385,781.564
125.921,690.915,779.972
126.408,689.576,778.405
126.895,688.288,776.448
127.383,686.829,773.914
127.871,685.24,772.817
128.36,685.252,772.747
128.85,684.404,771.53
129.34,684.308,772.372
129.832,684.144,773.605
130.324,682.087,772.333
130.816,682.348,771.024
131.309,682.118,770.956
131.803,681.39,771.118
132.298,680.573,773.304
132.794,678.683,771.509
133.29,677.458,761.558
133.787,675.619,755.446
134.285,674.015,758.645
134.783,673.83,759.061
135.282,675.92,756.29
135.782,676.794,756.403
136.283,675.459,752.667
136.784,674.781,753.19
137.286,673.538,752.953
137.789,672.092,755.018
138.293,672.242,753.989
138.798,673.518,755.604
139.303,674.267,753.038
139.809,673.233,748.749
140.316,672.319,751.053
140.824,670.945,752.617
141.333,670.35,749.4
141.842,670.42,747.743
142.352,669.976,746.668
142.863,669.148,751.071
143.375,668.964,756.306
143.888,668.929,759.016
144.401,668.566,754.692
144.916,667.687,746.154
145.431,666.432,750.326
145.947,665.225,749.664
146.464,665.341,750.003
146.982,664.731,748.261
147.5,663.134,746.785
148.02,660.001,747.355
148.54,659.355,748.826
149.061,658.863,745.085
149.584,657.994,739.698
150.107,655.48,733.385
150.631,657.716,727.644
151.155,658.917,719.996
151.681,657.389,717.99
152.208,656.871,724.713
152.735,657.206,746.395
153.264,656.479,734.61
153.793,655.874,733.023
154.323,654.831,731.742
154.855,655.906,728.691
155.387,657.676,723.144
155.92,657.306,720.981
156.454,655.061,720.265
156.989,654.5,730.307
157.524,656.729,736.428
158.061,656.737,739.823
158.599,657.376,741.626
159.138,659.623,739.769
159.677,659.31,733.906
160.218,659.249,733.894
160.76,660.548,733.2
161.302,661.21,726.972
161.846,661.94,722.488
162.39,662.702,717.731
162.935,662.934,722.532
163.482,662.619,729.769
164.029,662.538,733.864
164.577,661.209,744.284
165.127,663.483,747.758
165.677,665.172,742.883
166.228,666.854,740.121
166.781,667.137,739.468
167.334,668.131,735.828
167.888,667.786,741.41
168.443,667.019,746.696
169.0,669.435,752.745
169.557,668.565,745.386
170.115,670.446,749.88
170.674,670.517,744.511
171.234,671.948,746.56
171.796,672.568,742.634
172.358,675.377,756.352
172.921,674.315,749.783
173.485,675.495,746.539
174.05,675.91,757.204
174.617,676.471,760.789
175.184,677.199,760.178
175.752,679.056,756.116
176.321,680.991,754.358
176.892,682.833,760.193
177.463,684.398,769.182
178.035,683.96,766.502
178.608,685.023,769.198
179.183,685.013,771.042
179.758,687.847,767.036
180.334,687.16,776.843
180.911,688.949,775.872
181.49,690.906,782.197
182.069,691.341,782.39
182.649,693.787,782.773
183.23,694.17,790.963
183.813,693.065,782.176
184.396,695.831,785.367
184.98,696.129,793.546
185.566,698.987,794.845
186.152,699.305,791.119
186.739,702.797,793.613
187.327,702.59,793.53
187.917,703.741,799.288
188.507,705.294,780.965
189.098,708.008,787.2
189.69,712.434,790.802
190.283,713.062,778.646
190.877,718.057,795.536
191.473,714.77,788.976
192.069,719.699,789.726
192.666,722.627,790.922
193.264,721.901,806.088
193.863,724.017,799.406
194.463,728.526,787.436
195.063,724.836,804.398
195.665,729.202,809.155
196.268,730.557,786.528
196.872,737.521,806.662
197.476,739.138,793.853
198.082,740.635,788.862
198.688,737.391,813.149
199.296,747.779,808.811
199.904,743.331,789.704
200.513,747.236,836.828
201.123,749.179,803.947
201.735,751.261,782.808
202.346,756.052,841.763
202.959,757.231,810.837
203.573,757.628,803.754
204.187,768.38,861.269
204.803,761.657,827.91
205.419,763.311,860.857
206.036,771.196,832.342
206.654,764.94,862.616
207.273,771.427,873.514
207.893,770.695,849.26
208.513,778.011,851.561
209.135,784.384,874.515
209.757,781.484,844.536
210.38,783.138,875.943
211.003,789.445,868.632
211.628,787.657,868.388
212.253,788.264,833.819
212.879,790.687,885.017
213.506,805.19,865.008
214.134,797.37,881.621
214.762,800.535,887.153
215.391,800.171,868.07
216.021,808.431,902.145
216.651,801.134,880.663
217.283,812.108,905.673
217.915,814.406,888.141
218.547,816.418,874.671
219.18,818.364,908.42
219.814,815.522,899.524
220.449,819.32,917.842
221.084,822.432,926.936
221.72,832.371,865.895
222.357,824.684,912.052
222.994,840.99,883.946
223.632,835.557,903.118
224.27,838.91,945.333
224.909,836.705,916.734
225.548,834.797,944.31
226.188,847.521,927.92
226.829,847.134,922.593
227.47,852.063,934.146
228.112,858.243,948.116
228.754,849.344,940.993
229.396,859.812,945.136
230.04,865.393,945.017
230.683,854.608,912.981
231.327,864.15,954.576
231.972,872.253,928.881
232.617,866.635,986.442
233.262,868.092,962.321
233.908,869.999,973.664
234.554,889.164,959.949
235.201,875.87,916.112
235.848,872.512,947.916
236.495,892.152,977.73
237.143,877.9,985.854
237.791,875.582,967.378
238.439,892.429,989.24
239.088,910.726,982.208
239.737,893.788,931.191
240.386,891.355,970.196
241.036,900.015,1019.37
241.685,882.16,995.959
242.335,904.216,973.212
242.985,916.172,1010.19
243.636,902.607,970.968
244.286,891.468,994.886
244.937,912.195,948.653
245.588,908.853,1021.54
246.239,910.993,985.202
246.891,907.857,1000.08
247.542,922.844,984.906
248.193,909.727,1013.59
248.845,912.739,995.628
249.497,916.733,999.014
250.148,912.008,1014.15
250.8,919.081,1018.26
251.452,926.054,969.91
252.104,924.808,990.539
252.756,923.964,986.339
253.408,918.678,998.594
254.059,907.761,1012.3
254.711,910.833,1036.4
255.363,928.27,1021.98
256.015,936.551,960.544
256.666,923.105,971.732
257.318,909.918,999.587
257.969,912.438,1020.35
258.621,913.876,1049.67
259.272,927.027,1007.68
259.923,926.265,957.769
260.574,920.154,984.936
261.224,909.566,1005.55
261.875,911.753,1016.86
262.525,924.106,1027.59
263.175,928.154,961.765
263.825,912.476,973.258
264.475,910.262,1012.73
265.124,925.224,978.724
265.773,918.459,1025.05
266.422,930.475,965.758
267.07,900.992,1005.33
267.718,905.383,1001.4
268.366,920.97,995.083
269.014,917.834,1027.11
269.661,928.268,966.974
270.307,913.87,975.111
270.954,888.253,1019.57
271.6,903.846,983.976
272.245,912.569,1023.05
272.891,922.204,1001.66
273.535,915.631,925.847
274.18,906.56,959.231
274.823,897.989,1010.89
275.467,895.587,1008.32
276.11,910.284,996.974
276.752,909.84,989.023
277.394,911.055,962.084
278.035,888.533,976.088
278.676,902.849,1004.38
279.316,898.712,1010.96
279.956,897.287,987.836
280.595,913.214,961.126
281.234,897.652,951.127
281.872,882.502,993.135
282.509,901.994,956.306
283.146,902.113,1000.04
283.782,902.861,969.094
284.417,889.27,946.798
285.052,889.422,973.059
285.687,887.898,999.306
286.32,884.647,975.941
286.953,901.625,959.636
287.585,899.747,960.136
288.217,882.477,954.393
288.847,874.276,976.723
289.478,874.553,989.812
290.107,887.994,988.463
290.736,870.985,988.49
291.363,880.505,952.936
291.991,874.563,958.839
292.617,885.099,985.951
293.243,885.869,944.476
293.867,877.826,941.26
294.491,881.213,987.518
295.115,861.667,967.088
295.737,878.585,965.572
296.359,883.724,938.518
296.98,860.352,943.702
297.6,867.308,960.983
298.219,864.727,935.57
298.837,863.259,986.335
299.455,879.977,945.48
300.071,864.297,911.264
300.687,860.247,957.84
301.302,863.885,949.382
301.916,859.55,942.752
302.529,870.67,956.666
303.142,862.355,937.923
303.753,870.888,932.595
304.363,841.805,930.493
304.973,853.902,950.253
305.582,862.399,977.488
306.189,858.94,935.979
306.796,859.122,893.07
307.402,855.538,910.767
308.007,851.134,934.661
308.611,848.501,952.126
309.215,850.883,933.895
309.817,859.125,950.983
310.418,842.442,933.707
311.018,843.469,935.305
311.618,852.69,906.393
312.216,850.284,944.194
312.813,850.946,935.717
313.41,835.124,882.156
314.005,847.0,950.035
314.6,838.728,954.767
315.194,833.846,893.427
315.786,857.643,918.875
316.378,862.943,901.957
316.968,828.989,867.456
317.558,843.789,921.735
318.147,841.365,947.188
318.734,822.318,969.803
319.321,837.156,911.389
319.907,845.4,944.282
320.491,837.009,886.249
321.075,821.087,896.166
321.658,852.271,915.815
322.239,839.043,962.877
322.82,823.672,931.369
323.4,832.769,939.705
323.978,842.034,921.425
324.556,830.617,899.358
325.133,819.83,875.823
325.709,835.42,937.928
326.283,834.29,927.412
326.857,823.726,921.785
327.43,819.251,908.955
328.001,818.59,898.644
328.572,842.628,919.962
329.141,823.022,919.441
329.71,822.082,893.139
330.278,818.057,933.649
330.844,831.391,922.853
331.41,814.757,908.586
331.975,824.04,908.615
332.538,826.127,890.348
333.101,826.886,910.534
333.662,826.16,905.462
334.223,817.3,909.281
334.783,824.615,915.495
335.341,810.871,934.221
335.899,823.057,866.619
336.456,810.414,854.144
337.011,833.562,913.406
337.566,822.349,896.438
338.119,819.497,910.482
338.672,819.871,916.236
339.224,817.653,897.917
339.774,813.87,910.151
340.324,818.405,873.81
340.873,815.69,880.804
341.421,823.743,879.866
341.967,817.684,929.859
342.513,818.692,912.338
343.058,818.478,902.458
343.602,810.211,898.394
344.145,821.639,878.967
344.687,816.647,886.639
345.228,824.042,876.734
345.768,819.226,900.933
346.307,822.376,911.272
346.845,818.806,896.423
347.382,809.781,925.166
347.919,825.75,912.119
348.454,811.381,895.778
348.988,817.743,899.12
349.522,815.686,890.364
350.054,814.644,927.082
350.586,818.521,911.982
351.116,816.576,928.476
351.646,808.988,917.57
352.175,814.677,909.865
352.703,817.565,905.3
353.23,815.067,910.445
353.756,814.975,896.723
354.281,810.855,920.748
354.805,815.797,911.546
355.329,814.828,912.801
355.851,808.566,903.383
356.373,812.6,912.767
356.894,810.895,912.224
357.414,815.904,910.31
357.933,810.127,936.749
358.451,812.971,932.219
358.968,805.716,929.367
359.484,810.69,913.681
360.0,815.585,922.501
0.514709,811.648,910.587
1.02858,815.258,920.584
1.54161,814.221,911.655
2.05381,803.807,923.831
2.56517,809.171,926.368
3.07571,821.039,917.265
3.58543,814.125,917.169
4.09433,812.16,932.732
4.60242,814.437,912.0
5.1097,822.226,927.378
5.61618,815.853,942.325
6.12186,816.94,939.321
6.62675,813.352,938.371
7.13085,820.512,931.653
7.63416,817.167,947.136
8.1367,815.359,924.874
8.63847,820.289,917.632
9.13947,819.306,933.519
9.63971,823.439,945.773
10.1392,815.944,931.339
10.6379,817.462,912.67
11.1359,820.046,940.049
11.6331,820.664,936.086
12.1296,819.165,936.8
12.6254,818.537,934.998
13.1204,828.751,921.961
13.6148,821.796,945.138
14.1084,821.525,926.742
14.6013,819.969,941.926
15.0934,824.763,927.788
15.5849,822.091,941.749
16.0757,825.991,916.607
16.5658,823.71,943.84
17.0552,823.112,939.635
17.544,824.356,947.278
18.032,819.648,928.001
18.5194,824.944,906.402
19.0062,830.464,945.696
19.4923,825.33,945.397
19.9777,822.693,924.873
20.4625,825.449,911.03
20.9466,828.889,931.469
21.4301,824.75,924.856
21.913,827.179,918.237
22.3952,828.596,939.976
22.8769,829.797,937.488
23.3579,825.758,932.597
23.8383,836.7,921.656
24.3181,825.285,931.969
24.7973,826.969,922.138
25.276,832.104,927.319
25.754,829.005,945.039
26.2315,830.922,933.362
26.7083,829.263,922.339
27.1847,830.046,924.048
27.6604,832.801,942.445
28.1356,826.777,937.832
28.6103,826.094,922.759
29.0843,832.273,923.427
29.5579,833.769,949.108
30.0309,827.468,937.108
30.5034,826.602,929.863
30.9754,832.127,940.67
31.4468,830.478,949.246
31.9178,824.073,917.31
32.3882,828.622,922.089
32.8582,837.441,945.408
33.3276,827.558,944.483
33.7965,822.148,920.187
34.265,831.022,932.255
34.733,829.795,934.74
35.2005,826.818,928.149
35.6676,828.933,923.274
36.1341,832.58,930.202
36.6003,830.721,939.072
37.066,829.221,916.747
37.5312,827.704,916.748
37.996,835.322,930.502
38.4604,830.516,945.347
38.9243,823.314,918.466
39.3878,827.695,923.16
39.8509,833.238,934.464
40.3136,828.704,924.903
40.7759,829.5,921.553
41.2378,832.319,933.533
41.6993,832.997,934.498
42.1604,828.399,919.706
42.6211,828.134,922.459
43.0815,834.642,939.214
43.5415,830.376,929.302
44.0011,825.32,922.168
44.4604,831.55,938.157
44.9193,832.602,945.813
45.3778,824.195,917.798
45.8361,822.395,923.679
46.2939,833.068,934.194
46.7515,830.608,929.111
47.2087,827.864,919.245
47.6656,826.352,928.982
48.1222,830.014,927.021
48.5785,826.92,923.418
49.0345,824.764,920.473
49.4902,824.632,922.547
49.9456,829.431,938.205
50.4007,827.573,925.119
50.8556,825.968,916.697
51.3102,828.289,922.838
51.7645,828.823,932.418
52.2185,826.302,924.743
52.6723,827.267,924.03
53.1258,829.667,916.581
53.5791,824.327,925.793
54.0322,829.485,930.743
54.485,825.728,924.319
54.9376,822.568,920.917
55.3899,826.057,922.869
55.8421,824.107,925.027
56.294,821.92,920.622
56.7458,825.461,928.258
57.1973,824.451,932.626
57.6486,817.923,922.185
58.0998,821.263,915.514
58.5508,825.054,921.45
59.0016,824.991,929.338
59.4522,818.826,924.657
59.9026,819.444,919.028
60.3529,820.894,919.571
60.8031,820.311,924.256
61.2531,815.898,924.357
61.7029,817.577,921.107
62.1527,819.547,923.337
62.6023,816.958,931.454
63.0517,813.916,924.184
63.5011,815.101,920.706
63.9503,818.674,919.598
64.3994,817.577,924.555
64.8484,815.178,922.663
65.2973,812.005,920.768
65.7462,814.158,915.62
66.1949,817.24,923.882
66.6436,813.718,918.287
67.0922,812.52,913.394
67.5407,815.328,908.954
67.9891,813.674,912.972
68.4375,811.77,915.712
68.8859,811.726,912.617
69.3342,814.314,915.557
69.7824,811.989,914.213
70.2307,809.323,915.049
70.6789,811.667,912.907
71.127,813.069,911.307
71.5752,809.724,912.071
72.0233,809.4,911.488
72.4715,809.633,911.784
72.9196,809.453,911.156
73.3677,809.342,911.758
73.8159,809.873,915.244
74.264,807.098,910.08
74.7122,805.717,907.487
75.1604,808.307,907.335
75.6087,807.097,909.231
76.0569,805.205,902.619
76.5053,803.545,905.238
76.9537,803.323,906.119
77.4021,802.944,903.687
77.8506,802.149,902.152
78.2991,801.498,905.202
78.7478,800.745,902.608
79.1965,802.19,901.063
79.6453,802.409,901.76
80.0941,799.423,900.321
80.5431,796.909,896.558
80.9922,796.456,896.753
81.4414,796.522,894.915
81.8907,796.857,893.293
82.3401,795.781,895.114
82.7896,794.302,892.697
83.2393,793.137,891.506
83.6891,792.61,894.904
84.139,792.072,891.771
84.5891,791.292,888.221
85.0394,790.011,887.486
85.4898,790.037,889.382
85.9403,789.886,887.507
86.391,788.414,886.145
86.8419,787.086,889.306
87.293,787.441,886.234
87.7443,785.97,884.932
88.1957,784.675,884.937
88.6474,784.138,879.784
89.0992,783.556,877.254
89.5513,783.339,875.908
90.0036,782.125,873.88
90.4561,780.725,872.929
90.9088,779.662,870.764
91.3618,778.511,866.908
91.8149,777.988,863.952
92.2684,778.085,863.319
92.7221,777.254,864.647
93.176,776.587,863.056
93.6302,776.442,860.216
94.0846,775.557,860.578
94.5394,774.699,860.569
94.9944,773.93,859.411
95.4497,773.777,861.611
95.9053,772.594,864.779
96.3611,770.417,864.046
96.8173,768.715,858.973
97.2738,767.66,856.666
97.7305,766.113,856.857
98.1876,765.349,857.201
98.6451,764.104,854.248
99.1028,762.352,851.143
99.5609,760.795,847.966
100.019,759.132,845.312
100.478,758.562,846.967
100.937,758.535,845.565
101.397,756.998,844.744
101.857,755.776,844.759
102.317,755.599,842.388
102.777,754.67,841.445
103.238,753.587,840.734
103.7,751.584,840.599
104.161,749.389,839.617
104.623,747.391,839.012
105.086,746.289,838.302
105.549,745.32,837.736
106.012,743.964,836.013
106.476,743.204,834.015
106.94,742.213,831.983
107.405,741.435,830.694
107.87,739.667,830.514
108.335,738.228,827.662
108.801,737.156,824.999
109.268,736.802,822.815
109.735,735.761,819.677
110.202,734.66,817.259
110.67,733.959,815.136
111.138,732.31,814.725
111.607,731.012,817.695
112.076,729.89,818.338
112.546,728.835,817.705
113.016,727.605,814.97
113.487,726.378,814.074
113.958,725.378,815.417
114.43,723.758,814.893
114.902,722.442,814.14
115.375,721.224,810.795
115.848,719.529,808.839
116.322,718.273,805.372
116.796,716.801,802.917
117.271,716.536,799.406
117.747,714.857,798.752
118.223,714.331,798.804
118.7,713.612,799.77
119.177,712.414,800.144
119.655,710.773,798.681
120.133,709.518,796.341
120.612,708.894,793.891
121.092,706.797,790.41
121.572,705.235,788.529
122.053,704.616,788.752
122.534,703.779,789.426
123.016,703.716,786.852
123.499,702.967,788.694
123.982,701.553,789.438
124.466,701.217,790.264
124.95,700.15,790.785
125.435,699.383,789.297
125.921,697.587,788.81
126.408,697.448,791.682
126.895,697.517,790.494
127.383,696.013,785.264
127.871,695.473,778.481
128.36,693.612,775.483
128.85,691.947,777.624
129.34,691.286,777.792
129.832,691.23,776.656
130.324,692.101,776.35
130.816,690.541,778.38
131.309,688.98,776.391
131.803,688.229,774.553
132.298,686.168,774.216
132.794,686.792,771.571
133.29,687.517,772.412
133.787,686.145,772.139
134.285,682.395,769.053
134.783,680.171,768.969
135.282,680.509,764.529
135.782,679.025,761.155
136.283,679.581,763.676
136.784,678.892,762.282
137.286,678.362,764.079
137.789,678.796,759.177
138.293,679.587,761.576
138.798,678.351,764.889
139.303,678.871,762.86
139.809,677.468,760.784
140.316,676.468,756.327
140.824,676.89,754.824
141.333,675.155,753.698
141.842,672.815,757.963
142.352,673.031,759.993
142.863,672.896,757.863
143.375,671.748,759.741
143.888,668.616,760.019
144.401,663.824,758.639
144.916,663.052,758.006
145.431,669.194,760.325
145.947,669.428,758.487
146.464,668.888,755.696
146.982,670.093,749.445
147.5,670.803,744.234
148.02,670.258,737.317
148.54,668.653,737.768
149.061,670.222,741.624
149.584,668.914,741.701
150.107,666.6,746.76
150.631,667.041,750.503
151.155,667.852,745.81
151.681,668.308,744.879
152.208,667.082,746.997
152.735,665.262,747.147
153.264,664.206,744.249
153.793,665.308,736.341
154.323,665.708,734.488
154.855,666.01,730.586
155.387,664.332,734.705
155.92,662.011,742.117
156.454,661.5,740.906
156.989,662.962,742.525
157.524,664.661,742.476
158.061,665.552,739.369
158.599,664.435,731.796
159.138,665.163,730.262
159.677,666.197,731.651
160.218,666.547,731.753
160.76,667.887,726.082
161.302,668.229,723.007
161.846,669.023,721.532
162.39,669.842,734.994
162.935,668.802,745.332
163.482,668.104,750.997
164.029,670.37,753.089
164.577,670.304,744.476
165.127,671.977,743.64
165.677,672.299,745.99
166.228,673.718,740.227
166.781,673.058,747.271
167.334,673.278,753.581
167.888,674.612,756.28
168.443,676.204,755.901
169.0,675.329,749.898
169.557,677.408,751.179
170.115,679.075,755.982
170.674,677.718,751.716
171.234,681.521,753.03
171.796,679.648,764.896
172.358,679.996,760.412
172.921,681.282,768.484
173.485,682.0,763.914
174.05,683.935,759.654
174.617,685.71,765.721
175.184,687.758,761.897
175.752,687.641,770.857
176.321,689.115,776.157
176.892,688.323,768.014
177.463,689.361,776.457
178.035,690.054,771.838
178.608,690.972,771.704
179.183,694.089,776.341
179.758,698.598,778.359
180.334,695.456,788.611
180.911,696.933,794.073
181.49,695.406,782.139
182.069,694.988,772.011
182.649,697.856,784.266
183.23,703.79,797.176
183.813,699.396,799.793
184.396,704.146,798.928
184.98,702.93,799.015
185.566,701.499,788.122
186.152,706.332,782.059
186.739,709.654,796.46
187.327,709.142,804.026
187.917,709.85,789.499
188.507,712.093,804.481
189.098,711.699,807.36
189.69,715.805,803.803
190.283,718.336,770.387
190.877,723.153,816.148
191.473,720.124,806.366
192.069,721.394,811.33
192.666,724.01,779.25
193.264,729.583,811.152
193.863,727.425,786.755
194.463,729.293,826.529
195.063,731.293,801.723
195.665,733.288,817.696
196.268,738.328,801.82
196.872,736.004,779.088
197.476,738.966,820.815
198.082,739.319,792.986
198.688,751.201,824.246
199.296,751.119,794.667
199.904,745.424,797.206
200.513,755.549,773.205
201.123,756.806,844.341
201.735,754.119,824.763
202.346,753.285,844.843
202.959,771.187,801.336
203.573,759.361,854.072
204.187,762.904,840.329
204.803,761.153,836.404
205.419,769.867,842.002
206.036,780.391,864.248
206.654,774.275,849.019
207.273,771.643,869.124
207.893,787.65,819.242
208.513,781.109,856.354
209.135,780.525,832.878
209.757,780.644,867.023
210.38,801.529,831.909
211.003,790.734,877.356
211.628,793.184,883.43
212.253,794.013,864.066
212.879,802.213,892.763
213.506,794.548,868.45
214.134,801.594,883.503
214.762,809.206,875.156
215.391,808.68,897.447
216.021,802.991,901.149
216.651,822.994,879.584
217.283,811.873,890.746
217.915,813.45,895.901
218.547,816.004,881.002
219.18,821.755,918.521
219.814,819.531,923.848
220.449,824.71,895.789
221.084,826.747,916.606
221.72,839.75,906.663
222.357,826.955,906.977
222.994,829.098,906.785
223.632,840.239,897.572
224.27,838.487,936.35
224.909,835.767,923.504
225.548,847.184,902.04
226.188,863.518,932.46
226.829,846.149,875.847
227.47,841.499,915.029
228.112,860.866,928.638
228.754,854.212,954.703
229.396,854.614,913.424
230.04,863.344,978.848
230.683,875.361,938.56
231.327,862.962,953.418
231.972,874.842,955.032
232.617,876.649,989.4
233.262,866.518,967.32
233.908,877.045,942.387
234.554,879.789,996.729
235.201,872.85,954.829
235.848,880.367,983.445
236.495,906.82,968.484
237.143,888.024,957.754
237.791,876.583,957.163
238.439,893.039,1003.75
239.088,896.165,996.251
239.737,889.126,969.413
240.386,903.182,984.528
241.036,913.903,980.098
241.685,895.13,982.158
242.335,891.905,960.758
242.985,898.616,1009.12
243.636,906.626,1024.88
244.286,915.513,989.446
244.937,910.74,976.006
245.588,914.109,977.372
246.239,906.097,1006.14
246.891,914.626,982.667
247.542,923.568,1007.92
248.193,916.982,993.446
248.845,895.831,1011.09
249.497,913.385,998.223
250.148,927.946,1006.05
250.8,921.462,986.316
251.452,915.108,996.298
252.104,915.529,970.648
252.756,903.789,1006.68
253.408,912.551,1040.5
254.059,930.953,991.058
254.711,927.926,1008.81
255.363,920.885,988.114
256.015,898.861,995.641
256.666,919.838,1019.14
257.318,929.446,1007.97
257.969,914.13,987.534
258.621,923.756,1008.58
259.272,903.319,987.797
259.923,915.13,1021.2
260.574,932.413,993.889
261.224,917.229,991.792
261.875,921.134,989.651
262.525,898.504,1018.2
263.175,918.349,1002.31
263.825,925.947,1007.85
264.475,921.543,975.656
265.124,914.146,983.214
265.773,899.752,1027.84
266.422,916.779,1007.99
267.07,911.631,1020.31
267.718,925.164,960.94
268.366,917.345,998.72
269.014,904.332,1003.44
269.661,905.912,979.124
270.307,914.335,1022.35
270.954,926.237,992.122
271.6,907.312,967.029
272.245,903.717,1003.4
272.891,902.806,999.291
273.535,893.759,1013.62
274.18,923.512,1001.74
274.823,911.901,938.543
275.467,917.498,952.426
276.11,894.689,1005.29
276.752,885.301,1000.37
277.394,902.713,1018.81
278.035,917.164,976.636
278.676,899.712,946.833
279.316,892.865,973.092
279.956,902.377,971.478
280.595,885.951,1018.37
281.234,894.746,995.08
281.872,898.607,964.935
282.509,913.445,957.842
283.146,877.438,986.232
283.782,886.7,984.83
284.417,890.965,970.019
285.052,896.345,1005.0
285.687,899.921,940.856
286.32,890.874,935.527
286.953,868.049,997.87
287.585,879.755,963.438
288.217,889.418,996.844
288.847,897.124,974.663
289.478,885.911,912.388
290.107,874.975,936.551
290.736,873.855,984.511
291.363,871.548,978.756
291.991,884.887,966.739
292.617,878.143,938.358
293.243,882.692,972.358
293.867,872.142,946.139
294.491,860.372,969.417
295.115,883.801,984.451
295.737,874.619,976.586
296.359,871.263,920.385
296.98,852.47,972.74
297.6,875.072,936.215
298.219,875.111,974.338
298.837,866.056,938.795
299.455,867.367,941.131
300.071,869.463,951.638
300.687,850.342,976.712
301.302,858.233,941.088
301.916,880.379,936.703
302.529,875.445,941.672
303.142,846.784,912.883
303.753,854.716,944.704
304.363,858.911,978.018
304.973,847.165,969.488
305.582,861.364,914.918
306.189,866.241,944.14
306.796,853.478,905.393
307.402,844.419,918.17
308.007,870.587,940.148
308.611,861.481,956.957
309.215,833.798,915.614
309.817,852.155,928.174
310.418,854.922,966.884
311.018,843.936,914.775
311.618,838.404,905.397
312.216,863.646,946.059
312.813,840.468,939.502
313.41,835.043,918.153
314.005,853.116,947.652
314.6,850.189,969.187
315.194,829.724,926.573
315.786,838.004,939.133
316.378,861.394,955.596
316.968,838.112,928.832
317.558,832.529,909.283
318.147,843.443,933.932
318.734,845.221,923.428
319.321,828.424,937.562
319.907,845.185,916.293
320.491,831.224,954.784
321.075,831.719,938.345
321.658,831.87,921.562
322.239,839.185,942.445
322.82,838.504,930.436
323.4,822.59,913.313
323.978,842.603,903.771
324.556,833.744,933.24
325.133,825.996,884.814
325.709,818.327,916.255
326.283,848.058,921.938
326.857,829.042,913.505
327.43,826.199,916.488
328.001,823.005,904.822
328.572,834.385,913.692
329.141,826.284,923.936
329.71,818.911,921.541
330.278,832.76,890.664
330.844,823.808,923.157
331.41,825.497,896.076
331.975,814.575,920.136
332.538,824.113,918.662
333.101,823.89,886.555
333.662,812.913,916.965
334.223,830.448,863.545
334.783,814.086,879.469
335.341,829.068,902.518
335.899,818.297,942.591
336.456,816.933,902.329
337.011,810.235,928.969
337.566,818.553,872.211
338.119,806.977,902.143
338.672,829.998,896.836
339.224,813.522,918.284
339.774,818.928,901.471
340.324,814.531,932.576
340.873,820.964,882.86
341.421,810.023,885.19
341.967,820.822,875.695
342.513,813.86,898.68
343.058,820.594,916.47
343.602,814.335,924.517
344.145,816.382,927.107
344.687,814.239,913.79
345.228,808.211,913.378
345.768,814.76,879.714
346.307,815.987,870.747
346.845,819.518,905.209
347.382,811.488,907.74
347.919,807.789,897.548
348.454,821.206,908.801
348.988,815.424,910.844
349.522,811.704,931.739
350.054,809.391,910.297
350.586,809.05,907.583
351.116,819.6,877.81
351.646,805.906,893.517
352.175,823.294,869.245
352.703,815.684,929.954
353.23,816.289,920.26
353.756,804.063,900.702
354.281,805.881,899.793
354.805,815.813,901.368
355.329,805.679,894.238
355.851,816.818,898.807
356.373,807.54,893.908
356.894,817.16,923.242
357.414,811.854,911.679
357.933,806.861,934.055
358.451,809.119,919.725
358.968,803.575,920.526
359.484,809.667,914.275
360.0,805.986,937.464
0.514709,813.279,908.496
1.02858,804.785,921.355
